0.000000000000000000e+00 0.000000000000000000e+00 0.000000000000000000e+00 0.000000000000000000e+00 0.000000000000000000e+00
1.000000000000000000e+00 1.442834560133747073e+04 1.442833496200049740e+04 1.063933389041890783e-02 7.897851721259456709e-38
2.000000000000000000e+00 4.494171190957853668e+01 3.444826351630434402e+01 1.049344839327435253e+01 1.534020177151601779e-33
3.000000000000000000e+00 2.118012398750564898e+04 2.113193383458266908e+04 4.819015292331655331e+01 3.928048361235530111e-36
4.000000000000000000e+00 1.131083057737939868e+01 5.725490631987046442e+00 5.585339945392444605e+00 3.244263198158629801e-33
5.000000000000000000e+00 1.210014380908066187e+03 1.191620243761677557e+03 1.839413714637684549e+01 3.763264188239651257e-35
6.000000000000000000e+00 2.650636005065753054e+01 2.170854761119544918e+01 4.797812439462179057e+00 2.646407379910295013e-33
7.000000000000000000e+00 1.147918267718033121e+03 1.116084522922407814e+03 3.183374479563474679e+01 4.054703648616383451e-35
8.000000000000000000e+00 1.117693085951620979e+01 6.134056124426746415e+00 5.042874735089473148e+00 3.768953948121803260e-32
9.000000000000000000e+00 6.807939078069580319e+02 6.648143013081624986e+02 1.597960649880716133e+01 1.071763967436450253e-34
1.000000000000000000e+01 2.367116081505866632e+01 1.965940013961985500e+01 4.011760675439112411e+00 6.813556319576170499e-33
1.100000000000000000e+01 9.088313993831260973e+01 3.438691377758966894e+01 5.649622616072216630e+01 1.066173014606467467e-34
1.200000000000000000e+01 7.941001451890691953e+00 6.042668942857252645e+00 1.898332509033232363e+00 1.202328991483898494e-31
1.300000000000000000e+01 7.438774077710603194e+01 5.622413973230591466e+01 1.816360104480102322e+01 1.642198593679878183e-34
1.400000000000000000e+01 4.558137487558673229e+01 4.312278621451326188e+01 2.458588661073914494e+00 5.951232866871222038e-32
1.500000000000000000e+01 5.401922393971550918e+01 2.260350100362160575e+01 3.141572293609395317e+01 1.989556630189289709e-34
1.600000000000000000e+01 3.640753799788546274e+01 3.386526230707229956e+01 2.542275690812660027e+00 8.065410866554553170e-31
1.700000000000000000e+01 9.272046172178563950e+01 3.489718492136653794e+01 5.782327680042119056e+01 2.182422324257897468e-34
1.800000000000000000e+01 2.000713838514876741e+01 1.650258333975764558e+01 3.504555045391026802e+00 9.301426909905445622e-32
1.900000000000000000e+01 1.083379308486295258e+02 3.502202705185292331e+01 7.331590379677690805e+01 2.835374703120277269e-33
2.000000000000000000e+01 1.600490576685466948e+01 1.254769516688418207e+01 3.457210599970670817e+00 1.091777894893323057e-31
2.100000000000000000e+01 1.321152609760300720e+02 4.398426278188726712e+01 8.813099819414304648e+01 5.084214901572432999e-34
2.200000000000000000e+01 2.713837580757046197e+01 2.317864737120600083e+01 3.959728436364198245e+00 7.900055078412511365e-32
2.300000000000000000e+01 2.895309479607847720e+02 4.859957966383585415e+01 2.409313682969445551e+02 1.522555864586655828e-33
2.400000000000000000e+01 1.850132430031645470e+01 1.438090543145128208e+01 4.120418868865478146e+00 1.753127825635177723e-31
2.500000000000000000e+01 3.099630376078461040e+02 6.080786240480548344e+01 2.491551752030389082e+02 1.496699269673214601e-33
2.600000000000000000e+01 2.345151221166904776e+01 1.961610653466859588e+01 3.835405677001000768e+00 2.192457472445258810e-31
2.700000000000000000e+01 3.235991188978977675e+02 5.973564894348119481e+01 2.638634699544209639e+02 2.615479289560942702e-33
2.800000000000000000e+01 2.293667005833930617e+01 1.802154023424254348e+01 4.915129824097042466e+00 1.904649499641034095e-31
2.900000000000000000e+01 2.874350324585878980e+02 6.550070193870854496e+01 2.219343305198742655e+02 2.512053632671579500e-33
3.000000000000000000e+01 1.846447545256696898e+01 1.485666242333290299e+01 3.607813029234161029e+00 2.452890052672311255e-32
3.100000000000000000e+01 2.095288548609568409e+02 3.903207812724586745e+01 1.704967767337116129e+02 1.710078828078181568e-33
3.200000000000000000e+01 1.367609029906767226e+01 1.107575321689243886e+01 2.600337082175515402e+00 1.819472530624364036e-31
3.300000000000000000e+01 1.674880772441220529e+02 4.463526304989167670e+01 1.228528141942280598e+02 6.878907646207342145e-33
3.400000000000000000e+01 8.019207971655086808e+00 4.678614681064898306e+00 3.340593290590160080e+00 1.864765458170515007e-31
3.500000000000000000e+01 1.140625672822464196e+02 4.281844009909619331e+01 7.124412718314906101e+01 3.256168394333143245e-33
3.600000000000000000e+01 8.263324828891004614e+00 4.812484062712276689e+00 3.450840766178665753e+00 1.362307658327424850e-31
3.700000000000000000e+01 1.390508924642802810e+02 2.847694776574056164e+01 1.105739446985431300e+02 7.157423224584264881e-33
3.800000000000000000e+01 1.202327798010814419e+01 9.058614113924507549e+00 2.964663866183619323e+00 2.011725301342076121e-31
3.900000000000000000e+01 2.018944125546617556e+02 4.427061131827698404e+01 1.576238012363848782e+02 3.021913940830408292e-33
4.000000000000000000e+01 6.234487362005539879e+00 3.640769671405983843e+00 2.593717690599532943e+00 6.140232170724953116e-32
4.100000000000000000e+01 3.524639992076402564e+02 6.460465347715471296e+01 2.878593457304841081e+02 2.725522103768854542e-33
4.200000000000000000e+01 7.026586485781868063e+00 4.527604919132913075e+00 2.498981566649054908e+00 1.334150131721269956e-31
4.300000000000000000e+01 3.386176251906488801e+02 7.227541036833603982e+01 2.663422148223102113e+02 1.879341658203806966e-33
4.400000000000000000e+01 6.490956121643117527e+00 3.866082181073029478e+00 2.624873940570032538e+00 5.021310809562412279e-32
4.500000000000000000e+01 2.696182929380837550e+02 5.664898867323044840e+01 2.129693042648495691e+02 3.461248360251441044e-33
4.600000000000000000e+01 7.270551991670195946e+00 5.532775809034364833e+00 1.737776182635746958e+00 1.641069651422657574e-31
4.700000000000000000e+01 2.166724645585966016e+02 4.356433381469445010e+01 1.731081307439024783e+02 7.198576038254490290e-33
4.800000000000000000e+01 1.490569773763173878e+01 1.288570921198825658e+01 2.019988525643655386e+00 2.124026628130399467e-31
4.900000000000000000e+01 1.514246204612168754e+02 3.173988401192614006e+01 1.196847364492929557e+02 6.173942204033400277e-33
5.000000000000000000e+01 1.134384439471675599e+01 9.269033852224428216e+00 2.074810542492193655e+00 1.021733164185923765e-31
5.100000000000000000e+01 9.286356942515411106e+01 2.252261453982291428e+01 7.034095488532804552e+01 9.743831687502577638e-33
5.200000000000000000e+01 7.947024842841406311e+00 5.885736763903625324e+00 2.061288078937780543e+00 2.601530510995771100e-32
5.300000000000000000e+01 5.411682784157741821e+01 1.718025045857128319e+01 3.693657738300658622e+01 5.888028634115453367e-33
5.400000000000000000e+01 7.453846932976019524e+00 5.533933266490518754e+00 1.919913666485443038e+00 1.708864680197115818e-31
5.500000000000000000e+01 4.145218720581800653e+01 1.137416936957995084e+01 3.007801783623840564e+01 6.991868197470834861e-33
5.600000000000000000e+01 1.164961026010614198e+01 1.008043106917639342e+01 1.569179190929784973e+00 1.010127136068681819e-31
5.700000000000000000e+01 6.428433868784435390e+01 9.364905529726572198e+00 5.491943315811798243e+01 1.077868911357375532e-32
5.800000000000000000e+01 8.525502393697905745e+00 6.814813143990221533e+00 1.710689249707722848e+00 8.928127084329864143e-32
5.900000000000000000e+01 6.566943819080572098e+01 1.067016419285416973e+01 5.499927399795252825e+01 1.437191122269596790e-32
6.000000000000000000e+01 5.276227024662778931e+00 2.693702167096133415e+00 2.582524857566571352e+00 6.821003522127629084e-32
6.100000000000000000e+01 5.470142519251136548e+01 1.160702327530211164e+01 4.309440191720885593e+01 2.008257803547771758e-32
6.200000000000000000e+01 1.581706499815681077e+01 1.296787359140499518e+01 2.849191406751693467e+00 1.849839668002298061e-31
6.300000000000000000e+01 3.537899826631179678e+01 1.117110017719672932e+01 2.420789808911531793e+01 1.989373677409189549e-32
6.400000000000000000e+01 1.524515185771943848e+01 1.247784270578684485e+01 2.767309151932667355e+00 1.277175758606351431e-31
6.500000000000000000e+01 3.804764946060388553e+01 1.144653173367009913e+01 2.660111772693452892e+01 2.841824336642114096e-32
6.600000000000000000e+01 9.386927192375878803e+00 6.855643871886754503e+00 2.531283320489091437e+00 1.509822496031739258e-31
6.700000000000000000e+01 2.501058984851502487e+01 8.690408507806298033e+00 1.632018134070852611e+01 1.307295244699601105e-32
6.800000000000000000e+01 5.225996468719425359e+00 2.850309599030368624e+00 2.375686869688988789e+00 5.041591528463099115e-32
6.900000000000000000e+01 3.694397430245852121e+01 7.793249317840793111e+00 2.915072498461767481e+01 4.662496804341823533e-32
7.000000000000000000e+01 6.029644630379188186e+00 2.498901099969097039e+00 3.530743530410026310e+00 7.703761746751056945e-32
7.100000000000000000e+01 3.750276871218372321e+01 7.536858454666724327e+00 2.996591025751690296e+01 1.976091953272484638e-32
7.200000000000000000e+01 8.320835053558287342e+00 4.413583830894676652e+00 3.907251222663680412e+00 1.123371544565504197e-31
7.300000000000000000e+01 3.093860461446315568e+01 7.498871000353686256e+00 2.343973361410925804e+01 2.057957850093436291e-32
7.400000000000000000e+01 9.180407818836364697e+00 5.098694478799204788e+00 4.081713340037186555e+00 2.996722792067776578e-32
7.500000000000000000e+01 2.950578576628966587e+01 7.014800992698652315e+00 2.249098477359141057e+01 1.284365154249630048e-32
7.600000000000000000e+01 9.865733209201977161e+00 5.291564004124562182e+00 4.574169205077423861e+00 3.218206966247707544e-32
7.700000000000000000e+01 2.807506510251701926e+01 6.594766844344979617e+00 2.148029825817238958e+01 1.186221282965882245e-32
7.800000000000000000e+01 6.515295433999571451e+00 2.924202016886527478e+00 3.591093417113055519e+00 4.391750177301911192e-32
7.900000000000000000e+01 2.017050071949456580e+01 5.490860392139404134e+00 1.467964032735499202e+01 1.168698286707806764e-32
8.000000000000000000e+01 7.860742644662110479e+00 5.154873806203100983e+00 2.705868838459019265e+00 1.106222374143605689e-31
8.100000000000000000e+01 1.308389110774583663e+01 4.000357100832165003e+00 9.083534006913783543e+00 7.462564297469262223e-33
8.200000000000000000e+01 6.069277482279316516e+00 3.583532691791862401e+00 2.485744790487573574e+00 5.142162604254291772e-32
8.300000000000000000e+01 9.319802964066644435e+00 2.598001236022370097e+00 6.721801728044419555e+00 6.503098416872541455e-33
8.400000000000000000e+01 5.651999598422094984e+00 2.942942824818159941e+00 2.709056773603851997e+00 2.667052499744430286e-32
8.500000000000000000e+01 1.428921175031638313e+01 3.261889131704486022e+00 1.102732261861171814e+01 6.931561824661356821e-33
8.600000000000000000e+01 9.175103414571257332e+00 6.241038155942858268e+00 2.934065258628466122e+00 5.852760721537561164e-32
8.700000000000000000e+01 2.043533836542511395e+01 3.436752304850424711e+00 1.699858606057480870e+01 6.862699801860029397e-33
8.800000000000000000e+01 4.260706536259594834e+00 2.412498836117280110e+00 1.848207700142368237e+00 5.550289883182555806e-32
8.900000000000000000e+01 1.647146060504202580e+01 2.697254102472945725e+00 1.377420650256880563e+01 3.850002240318446543e-33
9.000000000000000000e+01 6.452124615535866248e+00 4.743824635275216473e+00 1.708299980260566731e+00 6.431364999098290681e-32
9.100000000000000000e+01 2.837906490202042420e+01 4.587352569056845297e+00 2.379171233296420951e+01 5.202503659119390612e-33
9.200000000000000000e+01 1.014406622423630644e+01 8.236698832710041884e+00 1.907367391526210376e+00 7.740746505718662833e-32
9.300000000000000000e+01 3.284807564907659838e+01 4.369899428332534086e+00 2.847817622074402522e+01 5.164200998566245068e-33
9.400000000000000000e+01 7.820892564404694269e+00 5.689510309063899207e+00 2.131382255340865228e+00 1.008816611154465398e-31
9.500000000000000000e+01 2.648357462985344313e+01 9.031231355555632945e+00 1.745234327429774268e+01 4.132350863945139078e-33
