0.000000000000000000e+00 0.000000000000000000e+00 0.000000000000000000e+00 0.000000000000000000e+00 0.000000000000000000e+00
1.000000000000000000e+00 6.025623548482511193e+06 6.023379085951160640e+06 2.244462515359392910e+03 0.000000000000000000e+00
2.000000000000000000e+00 2.864676019559548422e+03 2.472228669201897233e+01 2.839953732854151895e+03 1.582343667653296582e-31
3.000000000000000000e+00 8.408023818053184077e+06 8.405948318326238543e+06 2.075499700000224493e+03 1.581550419824905629e-31
4.000000000000000000e+00 9.209153727323979838e+05 8.277972841479833005e+05 9.311808858486547251e+04 1.522012261336321604e-28
5.000000000000000000e+00 5.103205966362599866e+05 1.439885566378709336e+05 3.663320399984555552e+05 9.045410854759000604e-30
6.000000000000000000e+00 1.926112921793991700e+05 1.185650731450704188e+05 7.404621903429606755e+04 1.945164108529544974e-29
7.000000000000000000e+00 1.514029136190654151e+07 1.470679207575595751e+07 4.334992861513196258e+05 2.696817157612455806e-30
8.000000000000000000e+00 3.149740288271673489e+05 2.719552214028505259e+05 4.301880742428728263e+04 9.809434432017462625e-29
9.000000000000000000e+00 1.750955086816268787e+07 1.709844518976011127e+07 4.111056784038320184e+05 2.993092649691822146e-30
1.000000000000000000e+01 9.303382283657543303e+04 6.427679448538253200e+04 2.875702835118213261e+04 1.009386796171434424e-28
1.100000000000000000e+01 4.322751797610567883e+06 4.062391824705460574e+06 2.603599729050260503e+05 1.575161539228491110e-30
1.200000000000000000e+01 7.236400054967495380e+05 6.520022906293488340e+05 7.163771486744959839e+04 3.151145108844316095e-28
1.300000000000000000e+01 1.228886905449234415e+06 9.574554402392826742e+05 2.714314652098891675e+05 2.101856517671670702e-29
1.400000000000000000e+01 1.497405621310268762e+05 1.196634178939661797e+05 3.007714423706294474e+04 2.429924024738492220e-29
1.500000000000000000e+01 1.296326147682004375e+06 9.905686740144118667e+05 3.057574736675508902e+05 1.575415585340099608e-29
1.600000000000000000e+01 1.992942855720713560e+05 1.631046880113973166e+05 3.618959756067326089e+04 2.043119927668726745e-27
1.700000000000000000e+01 8.520276943309425842e+05 5.266933245020804461e+05 3.253343698288268643e+05 1.441441912866842904e-29
1.800000000000000000e+01 7.322441895155738166e+04 4.981197022185935202e+04 2.341244872969888820e+04 1.464372377454585234e-28
1.900000000000000000e+01 5.660042854770137928e+05 3.339277966449818923e+05 2.320764888320788450e+05 1.048820030562987476e-29
2.000000000000000000e+01 1.627230005164563423e+06 1.565275374078147579e+06 6.195463108630705392e+04 8.848600361769025037e-28
2.100000000000000000e+01 1.399763510933825281e+06 4.158348227922662627e+05 9.839286881414474919e+05 1.111629499476339648e-29
2.200000000000000000e+01 8.465792453537501569e+04 5.989821784495946486e+04 2.475970669041434303e+04 8.603160265737149430e-29
2.300000000000000000e+01 9.370872766636132728e+05 7.286413720623053377e+05 2.084459046013326733e+05 1.012215578145414308e-29
2.400000000000000000e+01 8.390014329152147984e+05 7.900012216263432056e+05 4.900021128866347135e+04 1.257034998266494437e-27
2.500000000000000000e+01 2.867313248654209310e+05 1.161379457498506526e+05 1.705933791155791841e+05 1.790909668199520636e-29
2.600000000000000000e+01 1.480530864090993127e+05 1.238596057482331089e+05 2.419348066087545158e+04 3.556741439884902078e-29
2.700000000000000000e+01 3.493216296755348449e+05 2.262882928051365889e+05 1.230333368703947635e+05 8.906019860211488279e-30
2.800000000000000000e+01 1.025118036214751337e+05 7.555165977656103496e+04 2.696014384492143290e+04 9.794236879274544378e-29
2.900000000000000000e+01 1.688651364843036572e+05 1.233450823515030352e+05 4.552005413279420463e+04 2.235129321075541505e-29
3.000000000000000000e+01 1.157425529326602264e+05 8.758832324853696628e+04 2.815422968412540649e+04 1.231893260638764235e-28
3.100000000000000000e+01 1.713002618746194930e+05 9.444977111131956917e+04 7.685049076331495598e+04 1.840115925853420529e-29
3.200000000000000000e+01 1.576765554394690262e+05 1.224831045724513242e+05 3.519345086702054687e+04 2.501453420551652676e-27
3.300000000000000000e+01 1.877904962746316742e+05 1.181915346136743901e+05 6.959896166097180685e+04 4.602238428935437442e-29
3.400000000000000000e+01 1.819627423124881461e+05 1.461933694889459875e+05 3.576937282353061892e+04 1.143251392375679318e-28
3.500000000000000000e+01 9.803292424895304430e+04 4.390952904278899950e+04 5.412339520616040681e+04 1.735313912920891657e-29
3.600000000000000000e+01 1.227256810296115727e+05 9.468004843631818949e+04 2.804563259329546418e+04 1.530490043476009118e-28
3.700000000000000000e+01 9.559786153439879126e+04 4.913836415225750534e+04 4.645949738213966339e+04 3.509617090131312075e-29
3.800000000000000000e+01 1.076670553270521923e+05 6.710041616129278555e+04 4.056663916575017356e+04 8.591316912755924733e-29
3.900000000000000000e+01 1.039781723365733487e+05 3.890519985895511491e+04 6.507297247760948812e+04 1.005933005836810094e-28
4.000000000000000000e+01 8.620877308257145341e+04 6.161054720129399357e+04 2.459822588127640483e+04 4.990089895642421968e-28
4.100000000000000000e+01 9.990581568132467510e+04 4.214033253591792163e+04 5.776548314540190040e+04 4.977295380588928039e-29
4.200000000000000000e+01 1.020963172028318804e+05 7.486401541636405454e+04 2.723230178647897992e+04 8.731433058961106631e-29
4.300000000000000000e+01 1.445667367165942851e+05 4.283049188295206841e+04 1.017362448336514353e+05 2.331676096870050094e-29
4.400000000000000000e+01 1.253986749005206657e+05 9.721414319875500223e+04 2.818453170176144704e+04 6.297591808722310574e-29
4.500000000000000000e+01 9.617552042786416132e+04 2.539062466780999966e+04 7.078489576005490380e+04 7.404064205810141968e-29
4.600000000000000000e+01 7.175978573644736025e+04 4.726087277839904709e+04 2.449891295805052505e+04 1.432554390055960205e-28
4.700000000000000000e+01 7.092510795228029019e+04 2.745674915394995696e+04 4.346835879833393119e+04 6.630851802887251507e-29
4.800000000000000000e+01 5.737410499757612706e+04 3.699186804538738215e+04 2.038223695218935609e+04 1.611581918356979442e-28
4.900000000000000000e+01 1.535218084267261438e+05 5.667734490931352047e+04 9.684446351737553778e+04 6.763929496286375734e-29
5.000000000000000000e+01 3.523764823261944548e+04 2.332155480433743287e+04 1.191609342828512854e+04 1.341623584758025963e-28
5.100000000000000000e+01 8.332241060578651377e+04 3.774103964359853126e+04 4.558137096218876832e+04 4.068394962304986916e-29
5.200000000000000000e+01 3.511826088275171787e+04 2.296391118171984635e+04 1.215434970102952502e+04 2.826757222205704662e-28
5.300000000000000000e+01 7.089336702280431928e+04 2.918496873611319097e+04 4.170839828669095732e+04 5.488306550680891177e-29
5.400000000000000000e+01 3.088603105681710440e+04 1.801397551081670827e+04 1.287205554600057076e+04 4.329011578210441346e-29
5.500000000000000000e+01 7.424261514215647185e+04 3.409287285260958015e+04 4.014974228954848513e+04 4.197676745033908399e-29
5.600000000000000000e+01 3.895628859947685123e+04 2.605463249857993287e+04 1.290165610089731308e+04 1.182585083546894574e-28
5.700000000000000000e+01 9.868412479643581901e+04 4.274565170476063213e+04 5.593847309166601917e+04 2.138825630769024857e-29
5.800000000000000000e+01 4.329238286612618685e+04 2.371819160898017799e+04 1.957419125714509937e+04 8.379282624388252460e-29
5.900000000000000000e+01 3.123189102048310087e+04 1.464762381274378822e+04 1.658426720774165369e+04 6.748874751094689445e-29
6.000000000000000000e+01 3.734663020599239826e+04 2.553041925415526930e+04 1.181621095183456418e+04 2.535850232647474473e-28
6.100000000000000000e+01 4.373482042703646584e+04 1.578438808833300573e+04 2.795043233870292534e+04 6.886716572911827268e-29
6.200000000000000000e+01 3.337993494265322806e+04 1.969962949973905052e+04 1.368030544291662045e+04 1.338999243597845309e-28
6.300000000000000000e+01 4.793218319916793553e+04 2.467246851016908113e+04 2.325971468900134641e+04 2.719412833461957239e-29
6.400000000000000000e+01 4.891082025995901495e+04 3.593720166408221849e+04 1.297361859587927756e+04 2.162330979672462206e-28
6.500000000000000000e+01 3.665205458301379258e+04 1.653611526314240109e+04 2.011593931987019823e+04 4.631230187472747434e-29
6.600000000000000000e+01 3.267199243815332738e+04 2.215452570992043547e+04 1.051746672823671179e+04 4.185999127336933016e-29
6.700000000000000000e+01 5.885155494470596750e+04 2.255331088068408644e+04 3.629824406402159366e+04 2.606488118243318875e-29
6.800000000000000000e+01 2.333647022991292397e+04 1.156183919546446850e+04 1.177463103445010529e+04 2.766046452274393263e-28
6.900000000000000000e+01 4.940864713861626660e+04 2.339702450115889951e+04 2.601162263746285680e+04 3.520310598071425677e-29
7.000000000000000000e+01 3.526005548686950351e+04 1.911273514289543164e+04 1.614732034397474854e+04 1.420448591822070784e-28
7.100000000000000000e+01 6.791523474635423918e+04 2.571853460332581380e+04 4.219670014302347408e+04 3.489032003858936198e-29
7.200000000000000000e+01 3.512965280551058095e+04 2.108261115292546310e+04 1.404704165258453031e+04 9.093031737655390790e-29
7.300000000000000000e+01 4.898775036909467599e+04 2.320908663342668297e+04 2.577866373566768380e+04 2.570570501559337435e-29
7.400000000000000000e+01 4.034987235379397316e+04 2.353410827428069751e+04 1.681576407951619331e+04 4.096770350857634661e-29
7.500000000000000000e+01 5.926274908311411855e+04 2.282866972847400029e+04 3.643407935463781178e+04 1.428960445760659218e-29
7.600000000000000000e+01 3.822852711217711476e+04 2.745558902544307057e+04 1.077293808673436979e+04 6.126139525751585990e-29
7.700000000000000000e+01 4.288603266337831883e+04 1.632880016969794815e+04 2.655723249368482720e+04 3.261948361751220490e-29
7.800000000000000000e+01 3.377565582421658473e+04 2.078502175931869715e+04 1.299063406489950285e+04 5.167916239828287959e-29
7.900000000000000000e+01 5.113585571691603400e+04 2.273858784489728350e+04 2.839726787201907428e+04 4.173508300484526814e-29
8.000000000000000000e+01 4.155544161958662880e+04 2.533111344902304700e+04 1.622432817056815475e+04 2.442957972724916650e-28
8.100000000000000000e+01 5.944329251998664404e+04 2.728552696498593286e+04 3.215776555499761162e+04 3.843860902657886529e-29
8.200000000000000000e+01 3.065089748219811736e+04 1.831766235756546303e+04 1.233323512463564111e+04 1.136355635753547809e-28
8.300000000000000000e+01 5.078059015064266714e+04 2.100683862711094844e+04 2.977375152352647274e+04 3.798413208143312985e-29
8.400000000000000000e+01 3.870676199512975290e+04 2.405199211267405190e+04 1.465476988246254768e+04 1.163516377999489185e-28
8.500000000000000000e+01 4.627486698794300901e+04 2.219553911767240788e+04 2.407932787026929145e+04 2.474587929591190398e-29
8.600000000000000000e+01 3.558185528085697297e+04 2.296458454732436439e+04 1.261727073353620472e+04 8.547951843506826517e-29
8.700000000000000000e+01 4.394480857136286068e+04 1.648748587925174797e+04 2.745732269211708626e+04 1.890654163759121645e-29
8.800000000000000000e+01 3.425982462061936531e+04 2.268619786970551286e+04 1.157362675091593883e+04 6.559718004283447794e-28
8.900000000000000000e+01 5.253549393980362947e+04 2.175745568130200627e+04 3.077803825849765417e+04 4.650632609136021470e-29
9.000000000000000000e+01 2.548311585632039714e+04 1.575483781805587205e+04 9.728278038262165865e+03 7.180028939498631345e-29
9.100000000000000000e+01 5.300094623193259758e+04 2.672219747946974530e+04 2.627874875245977455e+04 2.882613155727948838e-29
9.200000000000000000e+01 6.092932331294611504e+04 4.988690654948193696e+04 1.104241676346269014e+04 5.571848670337470404e-28
9.300000000000000000e+01 6.053714597178251279e+04 2.421109878030500113e+04 3.632604719147711876e+04 1.574115584789818213e-29
9.400000000000000000e+01 2.719200706289282971e+04 1.521132020796779216e+04 1.198068685492615987e+04 1.237968978932406840e-28
9.500000000000000000e+01 3.875594365822498366e+04 1.909054756246194665e+04 1.966539609576428120e+04 6.478466917089170158e-29
9.600000000000000000e+01 3.159021793614400667e+04 2.265932339585999944e+04 8.930894540285669791e+03 3.163532010295911355e-29
9.700000000000000000e+01 4.436846963455405785e+04 2.004370106267805386e+04 2.432476857187824862e+04 4.187495755069597825e-29
9.800000000000000000e+01 1.657598890485884112e+04 8.699652094239690996e+03 7.876336810618984600e+03 1.531407330107427284e-28
9.900000000000000000e+01 3.143645052918932197e+04 1.395308082682097120e+04 1.748336970236870911e+04 5.234282292457540086e-29
1.000000000000000000e+02 2.582207161503594762e+04 1.753055822299807187e+04 8.291513392038135862e+03 1.531789851357324443e-28
1.010000000000000000e+02 3.518751719928281091e+04 1.672623266728168164e+04 1.846128453200279910e+04 4.761358274002045105e-29
1.020000000000000000e+02 2.017368412944052398e+04 1.097268020597591385e+04 9.201003923464877516e+03 7.259411772171183395e-29
1.030000000000000000e+02 3.589763288536075561e+04 1.670393663216413188e+04 1.919369625319641636e+04 2.840151722283327138e-29
1.040000000000000000e+02 2.177597452657948088e+04 1.351637343109957146e+04 8.259601095479400101e+03 8.727110970578765229e-29
1.050000000000000000e+02 4.020535240832946874e+04 1.972407012987343114e+04 2.048128227845717265e+04 2.945327366625335725e-29
1.060000000000000000e+02 2.414273439191399666e+04 1.497909360290164113e+04 9.163640789011997185e+03 4.509364213106705081e-29
1.070000000000000000e+02 3.941370207314664731e+04 1.619606183180139124e+04 2.321764024134738793e+04 2.608303845257954936e-29
1.080000000000000000e+02 2.837057036091008558e+04 1.768217449424015285e+04 1.068839586666929245e+04 1.377617532272669943e-28
1.090000000000000000e+02 3.632689224633655249e+04 1.512059695643360465e+04 2.120629528990014660e+04 4.037950784371949326e-29
1.100000000000000000e+02 2.242567915975370488e+04 1.358502526065381426e+04 8.840653899098459078e+03 4.839332281107398952e-29
1.110000000000000000e+02 3.621982911449427047e+04 1.350601611634763867e+04 2.271381299814362865e+04 3.325195901406054960e-29
1.120000000000000000e+02 2.939798000118131677e+04 1.977478477737171488e+04 9.623195223809487288e+03 5.624841331685303354e-29
1.130000000000000000e+02 3.637390384494917089e+04 1.334462906390721400e+04 2.302927478104193870e+04 1.925728991438745862e-29
1.140000000000000000e+02 2.984284017961498103e+04 1.805465950054758650e+04 1.178818067906442411e+04 8.976106489671956485e-29
1.150000000000000000e+02 3.251124853947890006e+04 1.354924594190133212e+04 1.896200259758018365e+04 3.773185180222341560e-29
1.160000000000000000e+02 2.119005991253883622e+04 1.200710750471362007e+04 9.182952407825216142e+03 1.129212362423419981e-28
1.170000000000000000e+02 3.788684989337834122e+04 1.486973179823495957e+04 2.301711809513813932e+04 2.350073476155448993e-29
1.180000000000000000e+02 2.287093930981189988e+04 1.268989773969646922e+04 1.018104157011502866e+04 6.650612826338868559e-29
1.190000000000000000e+02 3.360454432526756864e+04 1.321985263078718526e+04 2.038469169447921013e+04 3.750191329003754855e-29
1.200000000000000000e+02 2.007118615903223326e+04 1.140565317863376367e+04 8.665532980398153086e+03 3.057738004809710550e-28
1.210000000000000000e+02 3.093484053760950701e+04 1.423405855823211277e+04 1.670078197937490404e+04 2.592629098276530315e-29
1.220000000000000000e+02 2.073607570941732411e+04 1.223947685684575845e+04 8.496598852572111355e+03 1.130630134598151086e-28
1.230000000000000000e+02 4.118289406855790003e+04 1.525353504503194017e+04 2.592935902352518679e+04 1.596593781136782840e-29
1.240000000000000000e+02 3.085721373811440208e+04 2.104662249670158417e+04 9.810591241413185344e+03 9.701823900394173174e-29
1.250000000000000000e+02 3.944484695693896356e+04 1.340974446255542898e+04 2.603510249438128449e+04 4.009356469644354334e-29
1.260000000000000000e+02 2.230647983870819735e+04 1.192044143921335672e+04 1.038603839949715621e+04 7.385953985919695852e-29
1.270000000000000000e+02 3.433155422621742036e+04 1.352891494014398450e+04 2.080263928607427806e+04 4.459153316588431838e-29
1.280000000000000000e+02 1.770404007539339364e+04 1.000425876879070347e+04 7.699781306602097175e+03 6.172687105921727386e-29
1.290000000000000000e+02 2.845289892830740428e+04 1.184272693182787225e+04 1.661017199647920643e+04 3.369483920877131348e-29
1.300000000000000000e+02 2.067090284924336083e+04 1.123391847724173931e+04 9.436984372001221345e+03 8.690815398065757598e-29
1.310000000000000000e+02 3.060165999578895571e+04 1.276451206306784661e+04 1.783714793271832968e+04 1.506766589069674697e-29
1.320000000000000000e+02 2.675769275198271498e+04 1.333097099052676640e+04 1.342672176145948288e+04 7.472051408064135427e-29
1.330000000000000000e+02 3.061202480566005397e+04 1.326421102697723290e+04 1.734781377868300478e+04 2.960336049046617141e-29
1.340000000000000000e+02 1.703255710636490039e+04 8.601939725935741080e+03 8.430617380430159756e+03 3.504282282461841176e-29
1.350000000000000000e+02 3.453601584255120542e+04 1.458158348632938760e+04 1.995443235622271095e+04 3.966688090651954859e-29
1.360000000000000000e+02 1.981488602022176929e+04 9.867797358734378577e+03 9.947088661486859564e+03 7.697861646289259866e-29
1.370000000000000000e+02 4.032960553851947770e+04 1.762772683149687509e+04 2.270187870701929205e+04 3.740005510391810922e-29
1.380000000000000000e+02 1.735763530745756725e+04 7.667205634180402740e+03 9.690429673279126291e+03 3.050964053899705714e-29
1.390000000000000000e+02 3.284708160249872162e+04 1.373270439707503283e+04 1.911437720542656825e+04 1.923336894058811563e-29
1.400000000000000000e+02 2.145490923505523824e+04 9.932552572378872355e+03 1.152235666267757006e+04 5.822347306203658719e-29
1.410000000000000000e+02 4.261289132539666025e+04 1.415347199547666605e+04 2.845941932992132934e+04 3.219588052487566119e-29
1.420000000000000000e+02 1.704576412999409149e+04 8.019349774857271768e+03 9.026414355137487291e+03 2.954389682773227431e-29
1.430000000000000000e+02 3.031285625811504360e+04 1.212691750657502598e+04 1.818593875153612316e+04 1.817513735749397743e-29
1.440000000000000000e+02 1.925236785341291397e+04 1.075984886973001994e+04 8.492518983681784448e+03 9.571016497600223922e-29
1.450000000000000000e+02 2.599073383275890592e+04 9.926246135811134081e+03 1.606448769694439579e+04 1.933067578791270830e-29
1.460000000000000000e+02 1.794919092910364634e+04 8.616548989862178132e+03 9.332641939240866122e+03 4.440516438634952190e-29
1.470000000000000000e+02 2.551762954845387503e+04 1.064688573477624050e+04 1.487074381367864225e+04 2.628292928339795022e-29
1.480000000000000000e+02 1.624431335315230172e+04 9.356491047006642475e+03 6.887822306145325456e+03 4.139564532128912572e-29
1.490000000000000000e+02 2.066324789034804053e+04 9.124618450453443074e+03 1.153862943989481209e+04 2.611745064784692162e-29
1.500000000000000000e+02 1.430651325602195720e+04 6.713962560027101972e+03 7.592550695997502771e+03 2.287062817316023802e-29
1.510000000000000000e+02 2.207945325363235315e+04 8.825690465464398585e+03 1.325376278816838749e+04 2.479646817433726302e-29
1.520000000000000000e+02 1.549560973092845234e+04 8.155865065326009244e+03 7.339744665601151610e+03 2.834545897058509670e-29
1.530000000000000000e+02 2.358244093580150366e+04 9.261056646572302270e+03 1.432138428923003630e+04 2.832815530625600959e-29
1.540000000000000000e+02 1.632146458539872765e+04 7.527430508445137093e+03 8.794034076952913892e+03 5.192773567950203131e-29
1.550000000000000000e+02 2.044253215959052250e+04 7.463446733126591425e+03 1.297908542646418573e+04 1.935304125220604897e-29
1.560000000000000000e+02 1.633911548555548688e+04 1.000681100383514058e+04 6.332304481722136188e+03 4.859809832125073094e-29
1.570000000000000000e+02 1.813869835765410971e+04 8.775909172479456174e+03 9.362789185174364320e+03 1.419535198190268365e-29
1.580000000000000000e+02 1.622507181419212429e+04 7.533567608689681947e+03 8.691504205502944387e+03 4.112122060192532019e-29
1.590000000000000000e+02 2.314528093682425970e+04 8.439289641350052989e+03 1.470599129547095617e+04 3.192231784205770801e-29
1.600000000000000000e+02 1.513277884867039938e+04 7.352627003230187256e+03 7.780151845439951103e+03 4.686115599470744135e-29
1.610000000000000000e+02 2.286557815650832708e+04 1.086187320554378493e+04 1.200370495096390550e+04 4.666465454337780777e-29
1.620000000000000000e+02 1.443768997616955676e+04 6.274514993905114352e+03 8.163174982264806204e+03 6.045652870374123974e-29
1.630000000000000000e+02 2.093201435282931925e+04 9.674306200043574790e+03 1.125770815278697773e+04 4.753997559560899853e-29
1.640000000000000000e+02 1.700759100108788334e+04 8.023348816168460871e+03 8.984242184920936779e+03 2.347018751501656884e-29
1.650000000000000000e+02 2.506457165244212592e+04 1.019207669613866892e+04 1.487249495630303318e+04 3.024062505155198243e-29
1.660000000000000000e+02 1.906426766075380147e+04 9.377160655870422488e+03 9.687107004883311674e+03 3.233649065753646838e-29
1.670000000000000000e+02 2.015799033876294925e+04 9.153632140393297959e+03 1.100435819836956580e+04 3.152827919182174566e-29
1.680000000000000000e+02 1.705403588391180165e+04 8.453378623314190918e+03 8.600657260598516586e+03 3.156717482545840895e-29
1.690000000000000000e+02 2.054404321563730264e+04 9.335165426908233712e+03 1.120887778872468880e+04 1.718678747867047982e-29
1.700000000000000000e+02 1.397040075019928372e+04 6.878917715453351775e+03 7.091483034746704107e+03 3.363252452445071671e-29
1.710000000000000000e+02 1.755342098950919899e+04 8.575209855052627972e+03 8.978211134455565116e+03 2.270175361088629928e-29
1.720000000000000000e+02 1.621294414146955205e+04 9.604040674665398910e+03 6.608903466803649280e+03 1.132641773055579219e-28
1.730000000000000000e+02 2.027258291356888003e+04 9.461633451865358438e+03 1.081094946170353251e+04 3.489876769798349907e-29
1.740000000000000000e+02 1.649359574587882162e+04 9.630832953476679904e+03 6.862762792404071661e+03 1.689553621659812448e-29
1.750000000000000000e+02 2.109468253797656871e+04 8.873974842681520386e+03 1.222070769529277823e+04 3.263603136501369041e-29
1.760000000000000000e+02 1.690773643444219488e+04 8.821243772278488905e+03 8.086492662162854685e+03 2.482927824484428852e-29
1.770000000000000000e+02 1.765745475166266624e+04 7.675985452521917068e+03 9.981469299138649149e+03 2.793351174038359515e-29
1.780000000000000000e+02 1.463136023286786440e+04 7.694932596215428930e+03 6.936427636654012531e+03 5.037396754446182553e-29
1.790000000000000000e+02 1.837688898768121362e+04 8.643958922333133160e+03 9.732930065349584765e+03 2.865967667610312034e-29
1.800000000000000000e+02 1.584356421898856752e+04 8.437214276563354360e+03 7.406349942425732479e+03 2.543631791825284103e-29
1.810000000000000000e+02 1.698368922200003362e+04 9.452463565314239531e+03 7.531225656685362082e+03 2.917447933008118961e-29
1.820000000000000000e+02 1.580150841539545399e+04 8.148986275841274619e+03 7.652522139553353554e+03 6.141540101229146903e-29
1.830000000000000000e+02 1.897096258512491477e+04 8.747892327342227873e+03 1.022307025778300340e+04 2.335002704543948892e-29
1.840000000000000000e+02 1.774031767182239128e+04 9.220018754822909614e+03 8.520298917000940492e+03 5.755619434314298116e-29
1.850000000000000000e+02 1.700296159524260656e+04 7.225840261793296122e+03 9.777121333450077145e+03 2.215684655824074805e-29
1.860000000000000000e+02 1.475906040773326822e+04 8.066930479722851487e+03 6.692129928011665470e+03 4.888601893327673911e-29
1.870000000000000000e+02 1.673917010259747622e+04 6.668579875096853357e+03 1.007059022749973337e+04 1.999700937978823485e-29
1.880000000000000000e+02 1.350641463392707192e+04 6.875580306836217460e+03 6.630834327090112311e+03 9.345669295304909147e-29
1.890000000000000000e+02 1.587773705755365881e+04 6.686644016756706151e+03 9.191093040795245543e+03 2.328983221936839315e-29
1.900000000000000000e+02 1.412496027057221363e+04 6.907355090122907313e+03 7.217605180448413194e+03 2.859100906030506066e-29
1.910000000000000000e+02 1.818069320957174205e+04 8.622399933167218478e+03 9.558293276404394419e+03 3.464490442675358090e-29
1.920000000000000000e+02 1.629091309483023542e+04 8.941388544301655202e+03 7.349524550527999054e+03 7.915270266121026976e-29
1.930000000000000000e+02 1.840646396510472550e+04 8.484000171503732417e+03 9.922463793600083591e+03 2.120535423898071271e-29
1.940000000000000000e+02 1.493950537150893979e+04 7.471380088369546684e+03 7.468125283139944258e+03 1.672443244959931009e-29
1.950000000000000000e+02 1.825200436771560271e+04 8.526551699050141906e+03 9.725452668665289821e+03 1.982879958967859589e-29
1.960000000000000000e+02 1.483087680749875108e+04 7.781802086598131609e+03 7.049074720900378452e+03 2.777261649330159223e-29
1.970000000000000000e+02 2.006819690422789790e+04 8.747263932134881543e+03 1.132093297209268349e+04 2.757833357690379289e-29
1.980000000000000000e+02 1.311712454262242318e+04 6.131655987545939752e+03 6.985468555074814503e+03 1.938821466596042972e-29
1.990000000000000000e+02 1.638744796253637469e+04 6.797656964923095074e+03 9.589790997615189553e+03 2.573249092363961011e-29
2.000000000000000000e+02 1.212752486577007767e+04 6.724442412079093629e+03 5.403082453690489274e+03 2.967959238022984345e-29
2.010000000000000000e+02 1.445738047219586406e+04 6.995629432376346813e+03 7.461751039818575009e+03 3.058121014018279073e-29
2.020000000000000000e+02 1.454345892483317039e+04 7.878041528988734171e+03 6.665417395844839120e+03 2.663719567288391349e-29
2.030000000000000000e+02 1.495833926847749535e+04 6.799681493535236768e+03 8.158657774942565084e+03 2.848991796920866690e-29
2.040000000000000000e+02 1.822095569327546036e+04 1.152240429572591711e+04 6.698551397549204921e+03 4.610304568764818108e-29
2.050000000000000000e+02 1.506916645656790570e+04 7.623941022099804286e+03 7.445225434468085041e+03 1.694207640382494853e-29
2.060000000000000000e+02 1.365354829959022572e+04 7.768019006478410120e+03 5.885529293109935679e+03 5.049545263991481323e-29
2.070000000000000000e+02 1.418874969654025881e+04 7.499486741237544265e+03 6.689262955303865056e+03 3.268531021001084813e-29
2.080000000000000000e+02 1.530153109778053476e+04 8.030952786738401301e+03 7.270578311042881978e+03 2.911040533828014325e-29
2.090000000000000000e+02 1.701496917144666077e+04 8.694742194156617188e+03 8.320226977291742514e+03 2.091300802166102178e-29
2.100000000000000000e+02 1.364542706193918093e+04 7.035154264466412315e+03 6.610272797470896876e+03 2.306980150285827309e-29
2.110000000000000000e+02 1.614978828671855808e+04 8.846875055444746977e+03 7.302913231273785641e+03 2.487686926444225095e-29
2.120000000000000000e+02 1.467034479773733983e+04 7.019969859045340854e+03 7.650374938692802971e+03 4.928744119354982700e-29
2.130000000000000000e+02 1.494568828268356810e+04 7.361796013721493182e+03 7.583892268961837544e+03 1.544461196670743789e-29
2.140000000000000000e+02 1.438376261381624136e+04 6.762314381863214294e+03 7.621448231954184848e+03 3.746674951790277056e-29
2.150000000000000000e+02 1.565035854373090297e+04 7.823480158618308451e+03 7.826878385114698176e+03 1.962711917208072478e-29
2.160000000000000000e+02 1.430970033032858555e+04 7.690620576698353034e+03 6.619079753633266591e+03 2.931480914057088335e-29
2.170000000000000000e+02 1.854637579261665087e+04 8.790099758524807839e+03 9.756276034091024485e+03 2.252744873580049690e-29
2.180000000000000000e+02 1.371876320201920498e+04 6.885276507061536904e+03 6.833486694955675375e+03 2.488622969274147843e-29
2.190000000000000000e+02 1.824429383654941194e+04 8.983587270189716946e+03 9.260706566359811404e+03 2.496641001460541451e-29
2.200000000000000000e+02 1.293849581672593376e+04 6.735636388102483579e+03 6.202859428624723478e+03 4.937237288998193420e-29
2.210000000000000000e+02 1.566786662989565775e+04 7.358940526943106306e+03 8.308926102952545989e+03 4.445256373054520476e-29
2.220000000000000000e+02 1.165578030578972539e+04 6.331801794884334413e+03 5.323978510906625161e+03 3.135068030643504411e-29
2.230000000000000000e+02 1.594943956455163789e+04 7.081454686183624290e+03 8.867984878368493810e+03 2.252152436167800042e-29
2.240000000000000000e+02 1.313673473872195609e+04 7.378184860607451810e+03 5.758549878114841704e+03 3.194785583345927561e-29
2.250000000000000000e+02 1.531834571763787062e+04 6.870049466617348116e+03 8.448296251020678028e+03 2.317249596531134941e-29
2.260000000000000000e+02 1.341366448058132846e+04 6.335802680783193864e+03 7.077861799795598927e+03 2.591237221455866596e-29
2.270000000000000000e+02 1.426764899382998556e+04 7.033602411611424031e+03 7.234046582218808908e+03 2.156789637224923846e-29
2.280000000000000000e+02 1.416493339193131578e+04 7.356474811612507438e+03 6.808458580318005261e+03 3.595555661742155091e-29
2.290000000000000000e+02 1.495563123556295432e+04 6.971762562248024551e+03 7.983868673314342232e+03 2.679334048222376844e-29
2.300000000000000000e+02 1.340362032228419048e+04 5.683268378367355581e+03 7.720351943918027246e+03 2.672418076319196915e-29
2.310000000000000000e+02 1.396325253728339703e+04 6.974440029237794988e+03 6.988812508044683455e+03 1.895446054533876050e-29
2.320000000000000000e+02 1.578159263835399724e+04 7.042020434446436411e+03 8.739572203905700007e+03 3.751606323686062787e-29
2.330000000000000000e+02 1.498212892856495637e+04 7.511363800584330420e+03 7.470765127980581383e+03 1.654333380096031855e-29
2.340000000000000000e+02 1.617741755798137274e+04 7.279816143221038146e+03 8.897601414759357795e+03 1.354298600638018423e-29
2.350000000000000000e+02 1.369669883750234658e+04 6.633142299973492300e+03 7.063556537527273576e+03 1.706501440922029983e-29
2.360000000000000000e+02 1.531336833441336421e+04 7.191501935974411026e+03 8.121866398437349744e+03 2.030107137018973303e-29
2.370000000000000000e+02 1.491838788054058932e+04 7.696821250137003517e+03 7.221566630402431656e+03 2.218158647168556770e-29
2.380000000000000000e+02 1.295732265521792397e+04 6.527672882077353279e+03 6.429649773140102297e+03 2.553932301164954525e-29
2.390000000000000000e+02 1.446974948898968250e+04 6.735255343939780687e+03 7.734494145050963198e+03 2.907252860229151113e-29
2.400000000000000000e+02 1.358142489274098807e+04 7.513738699467980950e+03 6.067686193273601930e+03 3.189360804830956297e-29
2.410000000000000000e+02 1.354727146654820353e+04 6.433643838539350327e+03 7.113627628010361150e+03 2.947609744686452206e-29
2.420000000000000000e+02 1.282833704325469807e+04 6.483548054686697469e+03 6.344788988567592241e+03 2.249665554944209903e-29
2.430000000000000000e+02 1.436165558984356903e+04 6.227019258398035163e+03 8.134636331444755342e+03 2.238333395550976041e-29
2.440000000000000000e+02 1.396849710994243833e+04 7.104326816447312922e+03 6.864170293493573809e+03 3.008326176407538945e-29
2.450000000000000000e+02 1.369302511762411268e+04 6.653288078697895799e+03 7.039737038925942215e+03 1.418945201781241216e-29
2.460000000000000000e+02 1.298310095209400242e+04 5.951225326441149264e+03 7.031875625652638519e+03 2.472407769647029778e-29
2.470000000000000000e+02 1.249389544463406128e+04 6.066343878624969875e+03 6.427551566009705311e+03 1.831841273480722470e-29
2.480000000000000000e+02 1.312081555753809880e+04 5.996020149825497356e+03 7.124795407712145789e+03 2.135297872227734503e-29
2.490000000000000000e+02 1.247685819089146571e+04 5.959658973258210608e+03 6.517199217633949957e+03 1.388007015499330955e-29
2.500000000000000000e+02 1.237453809908227049e+04 5.546950056718525957e+03 6.827588042363214299e+03 1.308013169086592139e-29
2.510000000000000000e+02 1.283640555239912283e+04 6.506202999484999964e+03 6.330202552913598083e+03 1.564277258258064300e-29
2.520000000000000000e+02 1.282256102436917718e+04 5.771102430896378792e+03 7.051458593474028021e+03 3.794271757455965087e-29
2.530000000000000000e+02 1.329319957613521001e+04 7.549193450666415629e+03 5.744006125470214101e+03 1.765895474762192462e-29
2.540000000000000000e+02 1.101434426297983919e+04 4.762518890605580054e+03 6.251825372373678874e+03 2.637984294888667244e-29
2.550000000000000000e+02 1.297553543178320069e+04 7.192160721345979255e+03 5.783374710436270107e+03 2.056997543172738554e-29
2.560000000000000000e+02 1.204752440852016116e+04 6.551386763833595069e+03 5.496137644686198655e+03 2.169185076509031315e-29
2.570000000000000000e+02 1.572211879274356033e+04 9.179195430607949675e+03 6.542923362135730713e+03 1.917222687494356585e-29
2.580000000000000000e+02 1.066535243528209503e+04 4.996583191124354016e+03 5.668769244155624619e+03 3.060763059778645397e-29
2.590000000000000000e+02 1.561293786151174390e+04 7.703472853645394025e+03 7.909465007867584063e+03 2.139115523860807938e-29
2.600000000000000000e+02 1.073392592784065164e+04 5.593349288388342757e+03 5.140576639452905511e+03 1.705200905833732307e-29
2.610000000000000000e+02 1.332888521428793501e+04 5.737750380631553526e+03 7.591134833655433795e+03 2.105695906692306053e-29
2.620000000000000000e+02 9.453021561678917351e+03 4.593819043785510985e+03 4.859202517893301774e+03 1.640612873074464451e-29
2.630000000000000000e+02 1.346752981314885074e+04 5.786892767510254089e+03 7.680637045637069605e+03 1.641519141026207624e-29
2.640000000000000000e+02 1.278234165018662316e+04 6.561537930543404400e+03 6.220803719643990917e+03 2.625992907005837890e-29
2.650000000000000000e+02 1.498738904665617702e+04 6.161130817769409077e+03 8.826258228888073063e+03 1.561545413245366513e-29
2.660000000000000000e+02 1.126813009467759366e+04 5.299389384320868885e+03 5.968740710356986710e+03 2.612541858094389310e-29
2.670000000000000000e+02 1.445920319975718667e+04 6.964320062284143205e+03 7.494883137473889292e+03 2.502006684919284815e-29
2.680000000000000000e+02 1.151599479255968072e+04 5.762758967935453256e+03 5.753235824623966437e+03 4.472768414399217919e-29
2.690000000000000000e+02 1.412228757229167240e+04 7.451896979857435326e+03 6.670390592434183418e+03 1.598341838739232087e-29
2.700000000000000000e+02 1.120550344359122755e+04 5.531558183978489069e+03 5.673945259612589325e+03 1.203284179051775579e-29
2.710000000000000000e+02 1.129666703636164675e+04 5.176097004293352256e+03 6.120570032067485954e+03 1.823233790570687915e-29
2.720000000000000000e+02 1.088030267847017421e+04 5.867863268127483025e+03 5.012439410343313284e+03 2.317243896906505542e-29
2.730000000000000000e+02 1.177926702534748983e+04 5.662793468029653923e+03 6.116473557319493921e+03 2.134822975996030986e-29
2.740000000000000000e+02 1.084971337494453473e+04 5.678015363611644716e+03 5.171698011333733120e+03 1.391693298317064901e-29
2.750000000000000000e+02 1.261228395190837182e+04 6.104714470814292326e+03 6.507569481092101341e+03 1.229583893246279428e-29
2.760000000000000000e+02 1.072618076186569488e+04 5.207134626692759412e+03 5.519046135173213770e+03 3.566433197937502528e-29
2.770000000000000000e+02 1.122863801883294582e+04 4.985842821606227517e+03 6.242795197227858807e+03 2.363564985672305255e-29
2.780000000000000000e+02 1.179299020266238222e+04 5.928408739355250873e+03 5.864581463307985359e+03 1.564150562645478676e-29
2.790000000000000000e+02 1.195670499184440087e+04 5.462668250709123640e+03 6.494036741135042575e+03 1.321804051445127976e-29
2.800000000000000000e+02 1.160225187192018711e+04 5.356455737677511024e+03 6.245796134241501022e+03 1.969189539641033231e-29
2.810000000000000000e+02 1.274241130546421664e+04 6.402576698168744770e+03 6.339834607295179921e+03 2.406111443574125080e-29
2.820000000000000000e+02 1.064164336073444611e+04 5.149795736394966298e+03 5.491847624339427057e+03 2.221950419795606820e-29
2.830000000000000000e+02 1.229571125741425385e+04 6.215445533589310799e+03 6.080265723823533335e+03 1.946704258228801741e-29
2.840000000000000000e+02 1.492631831991805484e+04 9.442645156453556410e+03 5.483673163465176003e+03 3.096375010207823875e-29
2.850000000000000000e+02 1.177571932802225274e+04 5.848204723566431312e+03 5.927514604455940571e+03 1.134364297402494812e-29
2.860000000000000000e+02 1.246140997518269978e+04 7.445792733178324852e+03 5.015617242005390835e+03 2.147620801884976160e-29
2.870000000000000000e+02 1.073128983805678217e+04 5.293185480256651317e+03 5.438104357799577883e+03 2.320548871237164624e-29
2.880000000000000000e+02 1.069261205136239914e+04 6.332339344027614970e+03 4.360272707335890118e+03 2.847538052465836165e-29
2.890000000000000000e+02 1.077172067231999608e+04 5.521847816697135386e+03 5.249872855623852047e+03 1.736307627581941589e-29
2.900000000000000000e+02 1.044330722502997924e+04 5.408266133221418386e+03 5.035041091808576311e+03 2.005690759905515258e-29
2.910000000000000000e+02 1.039508540662313681e+04 5.469683688761019766e+03 4.925401717861989709e+03 1.312690602976739582e-29
2.920000000000000000e+02 1.159406232342084331e+04 6.194979992846459936e+03 5.399082330575102787e+03 2.079804749583744772e-29
2.930000000000000000e+02 1.099966577811686147e+04 5.686556690398989304e+03 5.313109087718805313e+03 1.716572292731577266e-29
2.940000000000000000e+02 1.090311855205962638e+04 5.493718049354314644e+03 5.409400502703960228e+03 1.256301863475289393e-29
2.950000000000000000e+02 1.023409539799957747e+04 5.390657983872552904e+03 4.843437414127136435e+03 1.522494206575242282e-29
2.960000000000000000e+02 1.105019411366243548e+04 5.765332700390678838e+03 5.284861413270092271e+03 2.340503183180501686e-29
2.970000000000000000e+02 9.435924498524222145e+03 4.867653114567138800e+03 4.568271383956865975e+03 1.583513459215162372e-29
2.980000000000000000e+02 1.240046452528609552e+04 6.660192400776888462e+03 5.740272124510603135e+03 3.051262567915637618e-29
2.990000000000000000e+02 9.958852410951074489e+03 4.845243806572249923e+03 5.113608604377597658e+03 1.355114872856196894e-29
3.000000000000000000e+02 1.284296659709158303e+04 7.416906364179187221e+03 5.426060232911985622e+03 2.356766596752567132e-29
3.010000000000000000e+02 1.029327913597070074e+04 5.293505424283362117e+03 4.999773711687960713e+03 1.430411657009495418e-29
3.020000000000000000e+02 1.060571676745674085e+04 5.730348142021351123e+03 4.875368625436228285e+03 1.657901720963396099e-29
3.030000000000000000e+02 1.038001145611810352e+04 5.729682693810555975e+03 4.650328762307784928e+03 1.125138202205057599e-29
3.040000000000000000e+02 1.092315502987989021e+04 6.524320711489970563e+03 4.398834318391150191e+03 2.737756759320405868e-29
3.050000000000000000e+02 1.034752499214663840e+04 5.828564174188115430e+03 4.518960817958497501e+03 1.591613222546967215e-29
3.060000000000000000e+02 1.163677945277073195e+04 6.711926730248376771e+03 4.924852722522487056e+03 1.533224795165432859e-29
3.070000000000000000e+02 1.040093183376951129e+04 5.657212908366765078e+03 4.743718925402634341e+03 1.382088663996605329e-29
3.080000000000000000e+02 9.630929758564772783e+03 5.135458102444521501e+03 4.495471656120233092e+03 1.572183271638409967e-29
3.090000000000000000e+02 9.525911347371096781e+03 4.519738406823837977e+03 5.006172940547327016e+03 1.905997051894565017e-29
3.100000000000000000e+02 1.008634408357108441e+04 5.097361190353535676e+03 4.988982893218021673e+03 1.789694462152988586e-29
3.110000000000000000e+02 8.618974433812847565e+03 4.264896043614126029e+03 4.354078390198779744e+03 1.294488477029798041e-29
3.120000000000000000e+02 1.209277049906283537e+04 6.661404875559550419e+03 5.431365623504030737e+03 2.421183459944999100e-29
3.130000000000000000e+02 9.607914442939068977e+03 4.665760551895350545e+03 4.942153891044756165e+03 1.688737153014786532e-29
3.140000000000000000e+02 9.888340683372800413e+03 4.848588878755029327e+03 5.039751804618018468e+03 1.512292988472509242e-29
3.150000000000000000e+02 1.119490212777118541e+04 5.781140348865782471e+03 5.413761778905904066e+03 1.457792424241234389e-29
3.160000000000000000e+02 1.237857899258568432e+04 7.509588033030973747e+03 4.868990959554324945e+03 1.508729363358673974e-29
3.170000000000000000e+02 1.259020384480326720e+04 7.196817936306255433e+03 5.393385908496789853e+03 1.537002505072848907e-29
3.180000000000000000e+02 1.076521423180289457e+04 5.623567257303462611e+03 5.141646974499657517e+03 1.544445671316054171e-29
3.190000000000000000e+02 1.220582206109504659e+04 6.359169234152949684e+03 5.846652826941001877e+03 2.252864004673381665e-29
3.200000000000000000e+02 1.200687797428184786e+04 6.371700979168621416e+03 5.635176995112577970e+03 2.415066531807944601e-29
3.210000000000000000e+02 1.189822435524361754e+04 5.574379158641205322e+03 6.323845196602202122e+03 1.193157510132764864e-29
3.220000000000000000e+02 1.237535511962660894e+04 6.813058393581558448e+03 5.562296726044190109e+03 1.686466683808247476e-29
3.230000000000000000e+02 1.156196773742408732e+04 5.494152435931066975e+03 6.067815301493442348e+03 1.360580085032371694e-29
3.240000000000000000e+02 1.360710632361293938e+04 8.646340898824300893e+03 4.960765424788441123e+03 2.117046000642704180e-29
3.250000000000000000e+02 1.125777091240515438e+04 5.678322087634705895e+03 5.579448824770701322e+03 1.617140416139643506e-29
3.260000000000000000e+02 1.057079702563295723e+04 5.848456120652012942e+03 4.722340904979402694e+03 1.451611751032636836e-29
3.270000000000000000e+02 9.595520169197790892e+03 4.881293540498088078e+03 4.714226628701688242e+03 2.409275461533677913e-29
3.280000000000000000e+02 1.059171203967297333e+04 5.570035755792228883e+03 5.021676283881493873e+03 2.521563267298842124e-29
3.290000000000000000e+02 1.070798033543189013e+04 5.620516310945225086e+03 5.087464024487535426e+03 1.722574675277468368e-29
3.300000000000000000e+02 8.862331223419249000e+03 4.523813556355317814e+03 4.338517667064477791e+03 1.787740502710454078e-29
3.310000000000000000e+02 1.150555237340532040e+04 6.236271232571159089e+03 5.269281140833138124e+03 1.471817512155624270e-29
3.320000000000000000e+02 9.749514955146702050e+03 5.248333107203475265e+03 4.501181847943119465e+03 1.365352672512953407e-29
3.330000000000000000e+02 1.139807837062999351e+04 6.030096506186246188e+03 5.367981864444690473e+03 1.310963474307049979e-29
3.340000000000000000e+02 9.653725430849579425e+03 5.193684738605326856e+03 4.460040692244338970e+03 1.372759071648018870e-29
3.350000000000000000e+02 1.036512899463211943e+04 5.327470408830543420e+03 5.037658585802002563e+03 1.212582037731245131e-29
3.360000000000000000e+02 8.846887163446970590e+03 4.875195556342851887e+03 3.971691607104064587e+03 1.702695178282565627e-29
3.370000000000000000e+02 9.822991199054824392e+03 4.852964513742511372e+03 4.970026685312086556e+03 1.439743118045246150e-29
3.380000000000000000e+02 1.017850018000697673e+04 5.576593582868071280e+03 4.601906597139883161e+03 1.534820701052802375e-29
3.390000000000000000e+02 1.072176235477491173e+04 5.137670425917441207e+03 5.584091928858618303e+03 8.328722022245900673e-30
3.400000000000000000e+02 1.140126380805324879e+04 6.062049576772513319e+03 5.339214231281393040e+03 1.521194019055628679e-29
3.410000000000000000e+02 9.805539703941227344e+03 4.911397747265047656e+03 4.894141956675930487e+03 1.875053710420439416e-29
3.420000000000000000e+02 1.043246227293508673e+04 5.572532351784171624e+03 4.859929921150474001e+03 1.325980548405737642e-29
3.430000000000000000e+02 1.046604136284381639e+04 5.624046987567315227e+03 4.841994375277190557e+03 1.598803829088615572e-29
3.440000000000000000e+02 1.026832088143024157e+04 5.730195310425009666e+03 4.538125571005915845e+03 1.715599509763084048e-29
3.450000000000000000e+02 1.096110342707454220e+04 6.012205402170263369e+03 4.948898024903028272e+03 1.537094297342468495e-29
3.460000000000000000e+02 9.099943117962211545e+03 4.585230681322899727e+03 4.514712436639043517e+03 1.336238400862623989e-29
3.470000000000000000e+02 1.004123705580829665e+04 5.312909745874841974e+03 4.728327309933471952e+03 1.585791819858690509e-29
3.480000000000000000e+02 1.013177414036678965e+04 5.646406444240949895e+03 4.485367696125993461e+03 1.895517374001521510e-29
3.490000000000000000e+02 1.176468158030738414e+04 5.997642003211617521e+03 5.767039577097348229e+03 1.747294508580754304e-29
3.500000000000000000e+02 1.097285609766909693e+04 6.198738907113905952e+03 4.774117190555045454e+03 1.900561663157158088e-29
3.510000000000000000e+02 1.076593516454973542e+04 4.644847366994265940e+03 6.121087797555553152e+03 1.556385875507632079e-29
3.520000000000000000e+02 1.155711343309812764e+04 6.672292163039525803e+03 4.884821270059038397e+03 1.499298306129352316e-29
3.530000000000000000e+02 1.023891791090179868e+04 4.618493540929945993e+03 5.620424369971000488e+03 1.413820748221766732e-29
3.540000000000000000e+02 1.032638893470878975e+04 5.913171644657136312e+03 4.413217290052833050e+03 1.270092195832795829e-29
3.550000000000000000e+02 9.608307175742585969e+03 4.681435318543405629e+03 4.926871857199098486e+03 1.481819725751521988e-29
3.560000000000000000e+02 9.673873076337198654e+03 5.546180066449605874e+03 4.127693009887791050e+03 1.560067754697476542e-29
3.570000000000000000e+02 1.010514374050514198e+04 5.728597418621749057e+03 4.376546321883119163e+03 9.851131889724928070e-30
3.580000000000000000e+02 8.917094699273893639e+03 4.584458815796070667e+03 4.332635883476684285e+03 1.496215209705671248e-29
3.590000000000000000e+02 9.744356072450325883e+03 5.519759257140762202e+03 4.224596815309274461e+03 1.351895382225801418e-29
3.600000000000000000e+02 1.010377832056540137e+04 5.813542644443767131e+03 4.290235676121516917e+03 1.366618657629853119e-29
3.610000000000000000e+02 8.229012928266167364e+03 4.023631397682175702e+03 4.205381530583794301e+03 1.367668785810741466e-29
3.620000000000000000e+02 1.032254102496824817e+04 5.830182161152625667e+03 4.492358863816558369e+03 1.784050486095828930e-29
3.630000000000000000e+02 8.427396065972558063e+03 4.229901633560833034e+03 4.197494432412038805e+03 1.334275091586223784e-29
3.640000000000000000e+02 1.091805078499435149e+04 5.926497954784864305e+03 4.991552830208994237e+03 1.831630596402266161e-29
3.650000000000000000e+02 9.511864919108911636e+03 5.252202915608993862e+03 4.259662003499398452e+03 1.507906404842580452e-29
3.660000000000000000e+02 9.561281263147437130e+03 4.760599141609843173e+03 4.800682121539201944e+03 1.224663857256881834e-29
3.670000000000000000e+02 8.672651487693532545e+03 4.697932924002614527e+03 3.974718563691605596e+03 2.023119077578957960e-29
3.680000000000000000e+02 1.055849841372332230e+04 6.154500139201557431e+03 4.403998274523185501e+03 1.835309493939697699e-29
3.690000000000000000e+02 9.342047774776448932e+03 5.454138108815707710e+03 3.887909665959886752e+03 1.508833401534946852e-29
3.700000000000000000e+02 1.029149022967680321e+04 5.759355445613443408e+03 4.532134784064036467e+03 1.559339232341632164e-29
3.710000000000000000e+02 7.905665362653970078e+03 4.320392964128424865e+03 3.585272398526189136e+03 1.494276352593980193e-29
3.720000000000000000e+02 9.020524178794246836e+03 4.670707494905746898e+03 4.349816683887100226e+03 1.525640328166986124e-29
3.730000000000000000e+02 8.048829507365614518e+03 4.448993049940347191e+03 3.599836457424123182e+03 1.087099876894771885e-29
3.740000000000000000e+02 8.492185577735235711e+03 4.462182981909010778e+03 4.030002595825738354e+03 1.181766457659455155e-29
3.750000000000000000e+02 9.182711126831849469e+03 5.226930834861840594e+03 3.955780291969495011e+03 1.569117124333203309e-29
3.760000000000000000e+02 1.011765134187246440e+04 5.928443530232400917e+03 4.189207811641107583e+03 1.258686694451741661e-29
3.770000000000000000e+02 1.054078643562110847e+04 6.288104062451064237e+03 4.252682373169967832e+03 1.257669727311383754e-29
3.780000000000000000e+02 9.798260439547082569e+03 5.913554118456670949e+03 3.884706321090770416e+03 1.289516276169295247e-29
3.790000000000000000e+02 9.157727205947156108e+03 4.989112884997403853e+03 4.168614320950364345e+03 1.605574543613489330e-29
3.800000000000000000e+02 9.988701649438686218e+03 5.892926739689337410e+03 4.095774909749211929e+03 1.735749507411036321e-29
3.810000000000000000e+02 8.162309593820188638e+03 4.403166810709758465e+03 3.759142783109424727e+03 1.118437771482017295e-29
3.820000000000000000e+02 9.479882438256903697e+03 5.166954440753143899e+03 4.312927997504268205e+03 1.904551843227819777e-29
3.830000000000000000e+02 8.287274914432879086e+03 4.340801342202276828e+03 3.946473572229754154e+03 8.746101933424240506e-30
3.840000000000000000e+02 1.095480399847277295e+04 5.487786348918440126e+03 5.467017649553961746e+03 1.553386195758022684e-29
3.850000000000000000e+02 8.761862069532808164e+03 4.731197870206931839e+03 4.030664199326007292e+03 1.551699989472626774e-29
3.860000000000000000e+02 1.061850226552909953e+04 5.244651033169163384e+03 5.373851232359095775e+03 1.512106839486477331e-29
3.870000000000000000e+02 9.468703435016759613e+03 5.096733171065214265e+03 4.371970263951534434e+03 1.188302959888665060e-29
3.880000000000000000e+02 1.038125601007117075e+04 5.429220877773238499e+03 4.952035132297965902e+03 1.824004921804681189e-29
3.890000000000000000e+02 1.031460381260234863e+04 5.769930836067874225e+03 4.544672976533546716e+03 1.750928469693293815e-29
3.900000000000000000e+02 9.186165639243658006e+03 5.095715178674256094e+03 4.090450460570124051e+03 1.617597904941188285e-29
3.910000000000000000e+02 1.074684325925836492e+04 5.541605353901844865e+03 5.205237905356482770e+03 1.015885928486285820e-29
3.920000000000000000e+02 7.758717117660772601e+03 3.496229461276195252e+03 4.262487656384184447e+03 1.929581068364791427e-29
3.930000000000000000e+02 9.980069509151589955e+03 4.948692669667254449e+03 5.031376839484355514e+03 1.035479712516811038e-29
3.940000000000000000e+02 9.334824148693080133e+03 3.909845917318351894e+03 5.424978231374076131e+03 1.693859971559400508e-29
3.950000000000000000e+02 1.016739701102380059e+04 5.186183954543706932e+03 4.981213056480235537e+03 1.716934943916746590e-29
3.960000000000000000e+02 1.078035512077512067e+04 4.396649785784111373e+03 6.383705334991742347e+03 1.527611595395229478e-29
3.970000000000000000e+02 9.066346145074010565e+03 4.732848236127897508e+03 4.333497908945208110e+03 2.287195482433194188e-29
3.980000000000000000e+02 1.108832955497833063e+04 4.869545724294692263e+03 6.218783830685936664e+03 1.809312938059482428e-29
3.990000000000000000e+02 1.014802135009054655e+04 5.393310549856001671e+03 4.754710800234746785e+03 1.448601912028254985e-29
4.000000000000000000e+02 1.004828589774051215e+04 5.270922225034675648e+03 4.777363672705689169e+03 1.041037273192713245e-29
4.010000000000000000e+02 1.087994101758904799e+04 5.155874793334372953e+03 5.724066224254899680e+03 1.648590501516294094e-29
4.020000000000000000e+02 7.962425778180216184e+03 3.796014773519779283e+03 4.166411004660453727e+03 1.173322257002451792e-29
4.030000000000000000e+02 1.125414524119508860e+04 5.101105535104677983e+03 6.153039706089887659e+03 1.470872594621507476e-29
4.040000000000000000e+02 1.051489844668249862e+04 5.120168867112288353e+03 5.394729579568899680e+03 1.591271919010187802e-29
4.050000000000000000e+02 1.002828578094559452e+04 4.809756405254793208e+03 5.218529375690020061e+03 1.892921164565088818e-29
4.060000000000000000e+02 1.116581845974688986e+04 4.912094495284241930e+03 6.253723964463890297e+03 1.899675296463321836e-29
4.070000000000000000e+02 9.843860496839595726e+03 5.090055599137026547e+03 4.753804897702890230e+03 1.858619569120245703e-29
4.080000000000000000e+02 1.135339462804730101e+04 4.970737697946784465e+03 6.382656930100383761e+03 1.692819762407999159e-29
4.090000000000000000e+02 9.887102372928848126e+03 4.986567698157394261e+03 4.900534674771674872e+03 1.332907754480602516e-29
4.100000000000000000e+02 1.022349449693764836e+04 5.125075484739769308e+03 5.098419012197642587e+03 1.263064905617904793e-29
4.110000000000000000e+02 1.063747933688644116e+04 4.921995673559605166e+03 5.715483663327089744e+03 1.397051522545123915e-29
4.120000000000000000e+02 9.940818507331328874e+03 5.231029841556688552e+03 4.709788665774593028e+03 1.659477828849483562e-29
4.130000000000000000e+02 1.097382000807297482e+04 5.404531141915069384e+03 5.569288866157993652e+03 1.556397439741953808e-29
4.140000000000000000e+02 9.860226206845160050e+03 4.732814872750315772e+03 5.127411334094498670e+03 1.310293347104738611e-29
4.150000000000000000e+02 1.046036246688018946e+04 5.163606403740594033e+03 5.296756063138841455e+03 1.514454804432965702e-29
4.160000000000000000e+02 9.895117043727770579e+03 4.338411968817332308e+03 5.556705074910955773e+03 1.119000355660222600e-29
4.170000000000000000e+02 1.041441778710670405e+04 5.526623041747307070e+03 4.887794745358834007e+03 1.806918676468342053e-29
4.180000000000000000e+02 9.915318261071226516e+03 4.344083132359682168e+03 5.571235128710771278e+03 1.453851039421484167e-29
4.190000000000000000e+02 9.284019363929288374e+03 4.656785156356585503e+03 4.627234207572598280e+03 1.436293058994515104e-29
4.200000000000000000e+02 1.033512771988640998e+04 4.941784827090728868e+03 5.393342892793892133e+03 1.406664883914504887e-29
4.210000000000000000e+02 9.773639441565408561e+03 5.042448938036592153e+03 4.731190503528721820e+03 2.312525077032914390e-29
4.220000000000000000e+02 9.215849921286993776e+03 4.451164084192752853e+03 4.764685837094004455e+03 1.284689103318606196e-29
4.230000000000000000e+02 9.552822637946925170e+03 4.550461751679310510e+03 5.002360886267532806e+03 1.632411896439960256e-29
4.240000000000000000e+02 1.014769124781906976e+04 5.159786369249074596e+03 4.987904878571179324e+03 1.390991163357351181e-29
4.250000000000000000e+02 8.358934664234537195e+03 3.796091344959128492e+03 4.562843319275732028e+03 1.337900233048860107e-29
4.260000000000000000e+02 9.396072814402250515e+03 4.784819360806796794e+03 4.611253453594404164e+03 1.341574656133729670e-29
4.270000000000000000e+02 8.878446084622837589e+03 4.225096738479886881e+03 4.653349346143050752e+03 1.307809056177728452e-29
4.280000000000000000e+02 9.090370426958392272e+03 4.397329799817838648e+03 4.693040627141042933e+03 1.198775651681637530e-29
4.290000000000000000e+02 9.500190049630595240e+03 4.870926018753080825e+03 4.629264030877610821e+03 1.649346416798506198e-29
4.300000000000000000e+02 9.141120038999211829e+03 4.217209127440413795e+03 4.923910911558918087e+03 1.550956979938645012e-29
4.310000000000000000e+02 9.112076380351043554e+03 3.934328740235374426e+03 5.177747640116368530e+03 1.532143322544231714e-29
4.320000000000000000e+02 8.865762943122410434e+03 4.276932226214108596e+03 4.588830716906867565e+03 1.271105151525317974e-29
4.330000000000000000e+02 8.723277592832062510e+03 3.915977577757455947e+03 4.807300015073580653e+03 1.272090843296618272e-29
4.340000000000000000e+02 9.018598787114226070e+03 4.412194883946372101e+03 4.606403903168086799e+03 1.121762192555765363e-29
4.350000000000000000e+02 8.690673860247165067e+03 4.233219269759964845e+03 4.457454590487180212e+03 1.307091344080526389e-29
4.360000000000000000e+02 9.440401091740206539e+03 5.181272663973591079e+03 4.259128427765562265e+03 1.390825714602156136e-29
4.370000000000000000e+02 7.950370409906257919e+03 3.855515604196666118e+03 4.094854805710098844e+03 1.315439244962721906e-29
4.380000000000000000e+02 8.559497305482171214e+03 4.738087817051135971e+03 3.821409488431481805e+03 1.422098661353634333e-29
4.390000000000000000e+02 7.798917687782230132e+03 3.909417735795394492e+03 3.889499951986822452e+03 1.242595296666738328e-29
4.400000000000000000e+02 9.051175699588646239e+03 4.767792810297618416e+03 4.283382889291072388e+03 1.488257791910393439e-29
4.410000000000000000e+02 8.902924392739145333e+03 4.505852312969622290e+03 4.397072079770019627e+03 1.293936421420547932e-29
4.420000000000000000e+02 8.954143431329586747e+03 4.013197100133631466e+03 4.940946331195956191e+03 1.241277278001054662e-29
4.430000000000000000e+02 8.544686929332108775e+03 4.041392454247100886e+03 4.503294475085134764e+03 1.637461567325143887e-29
4.440000000000000000e+02 9.369634084238135983e+03 4.898162238421808070e+03 4.471471845816936366e+03 1.256742551624732687e-29
4.450000000000000000e+02 8.620402013555376470e+03 4.177834999286145830e+03 4.442567014269090578e+03 1.648606193755681875e-29
4.460000000000000000e+02 8.398455874947445409e+03 4.539642096879698329e+03 3.858813778068188185e+03 1.255703909997397156e-29
4.470000000000000000e+02 7.957984926764260308e+03 3.982295813970783001e+03 3.975689112792977539e+03 1.557140108327139585e-29
4.480000000000000000e+02 8.503318093901265456e+03 4.350660068626723842e+03 4.152658025274428837e+03 1.768902743942904081e-29
4.490000000000000000e+02 8.981373698719035019e+03 4.673257837451792511e+03 4.308115861266273896e+03 1.319716330407422804e-29
4.500000000000000000e+02 7.680260918901813966e+03 3.679239964794257048e+03 4.001020954107042598e+03 1.241159582615597552e-29
4.510000000000000000e+02 8.970132429629522449e+03 4.769599271317475541e+03 4.200533158312236992e+03 9.897657529500507238e-30
4.520000000000000000e+02 7.994737879818630972e+03 3.690627699706773456e+03 4.304110180111460068e+03 1.825205885782465480e-29
4.530000000000000000e+02 8.558794024149903635e+03 4.307457775438294448e+03 4.251336248711118060e+03 1.052119322522081029e-29
4.540000000000000000e+02 8.177028975939667362e+03 3.705443600712353600e+03 4.471585375226784890e+03 1.397435501906949869e-29
4.550000000000000000e+02 8.295369509282225408e+03 4.026874906376536273e+03 4.268494602905556349e+03 1.287065790471897983e-29
4.560000000000000000e+02 8.513151721061072749e+03 4.347924046311965867e+03 4.165227674748660320e+03 2.070073255553511402e-29
4.570000000000000000e+02 8.416487265685325838e+03 4.465444424579506631e+03 3.951042841106082506e+03 1.282931681422341724e-29
4.580000000000000000e+02 8.724381902954737598e+03 4.403270073151279576e+03 4.321111829803026922e+03 1.501071698533953700e-29
4.590000000000000000e+02 8.414174190179701327e+03 4.314580768055715453e+03 4.099593422123124583e+03 1.157884218628438738e-29
4.600000000000000000e+02 8.630216520279547694e+03 4.315413197516767468e+03 4.314803322761924392e+03 1.259238147297912875e-29
4.610000000000000000e+02 7.991789356375827992e+03 4.326981667782339173e+03 3.664807688593696639e+03 1.152733620977608917e-29
4.620000000000000000e+02 8.360552970288828874e+03 4.237016590394799096e+03 4.123536379894248967e+03 1.103239301036972995e-29
4.630000000000000000e+02 8.151758758873404076e+03 4.451653096001024096e+03 3.700105662871748336e+03 1.112186314735282039e-29
4.640000000000000000e+02 9.271306570851298602e+03 5.788934570108684056e+03 3.482372000742377622e+03 2.119995432082143088e-29
4.650000000000000000e+02 7.998467734698002459e+03 4.272846384070341628e+03 3.725621350627869106e+03 1.187070903091239307e-29
4.660000000000000000e+02 8.165661006382029882e+03 4.257174834664186164e+03 3.908486171717353045e+03 1.040120290492114808e-29
4.670000000000000000e+02 7.628275559283800249e+03 3.644804625146485250e+03 3.983470934136662436e+03 1.438548605866788816e-29
4.680000000000000000e+02 8.940947038385091219e+03 4.992248021065710418e+03 3.948699017318808728e+03 1.360283550319026466e-29
4.690000000000000000e+02 7.615000864842683768e+03 3.810106371245767605e+03 3.804894493597607834e+03 1.392636902256608601e-29
4.700000000000000000e+02 7.969298950075725770e+03 4.177946681665823235e+03 3.791352268409635144e+03 1.656292853036756912e-29
4.710000000000000000e+02 6.264523381219955809e+03 2.822787819324629254e+03 3.441735561895171941e+03 1.076047967097196262e-29
4.720000000000000000e+02 8.264633465349639664e+03 4.119409022080598334e+03 4.145224443269077710e+03 1.401862759156925884e-29
4.730000000000000000e+02 6.368429720953961805e+03 3.131278182841934722e+03 3.237151538111872924e+03 9.337489267112301056e-30
4.740000000000000000e+02 8.621017154241964818e+03 4.397847633955167112e+03 4.223169520285675389e+03 1.592438162667331428e-29
4.750000000000000000e+02 8.610443162021114404e+03 4.866292396693588671e+03 3.744150765327435693e+03 1.279260912683543872e-29
4.760000000000000000e+02 8.802221835109847234e+03 4.666128784504428040e+03 4.136093050604828932e+03 1.207382436558783266e-29
4.770000000000000000e+02 8.355325884770400080e+03 4.098578914225510744e+03 4.256746970544872966e+03 1.331488377217820033e-29
4.780000000000000000e+02 7.644071161950425449e+03 3.873437600593775187e+03 3.770633561355958136e+03 1.096423760428552869e-29
4.790000000000000000e+02 7.462751652038624343e+03 3.579922196803276620e+03 3.882829455235365003e+03 1.303861556590665028e-29
4.800000000000000000e+02 1.005055791972444058e+04 6.175749244851094772e+03 3.874808674872678239e+03 1.911466843041555743e-29
4.810000000000000000e+02 7.349468157815982522e+03 3.575732960534393897e+03 3.773735197281743694e+03 1.642763434654643898e-29
4.820000000000000000e+02 7.834185291599874290e+03 3.895652040555865369e+03 3.938533251043198561e+03 1.327361412112511789e-29
4.830000000000000000e+02 8.270068884626360159e+03 4.073411153078425286e+03 4.196657731548148149e+03 1.514013267010968250e-29
4.840000000000000000e+02 8.189027817391680401e+03 3.909974724878653433e+03 4.279053092512561307e+03 1.421933460365891994e-29
4.850000000000000000e+02 8.068037246121705721e+03 4.040361910999102292e+03 4.027675335123369678e+03 1.521200306985159246e-29
4.860000000000000000e+02 8.742383821800993246e+03 4.106702375168868457e+03 4.635681446632895131e+03 1.336779131804965471e-29
4.870000000000000000e+02 8.332950796133793119e+03 4.428099163258038971e+03 3.904851632874898314e+03 1.223074952694101783e-29
4.880000000000000000e+02 8.502417788202657903e+03 4.408117416513357057e+03 4.094300371690325846e+03 1.276513411817023799e-29
4.890000000000000000e+02 6.754541409410127926e+03 3.211495317913648705e+03 3.543046091496281861e+03 1.457421009403147409e-29
4.900000000000000000e+02 7.327176186885793868e+03 3.757691080095005873e+03 3.569485106791029466e+03 1.608874571008471247e-29
4.910000000000000000e+02 7.989525973912896006e+03 4.186064639205274943e+03 3.803461334707028527e+03 1.706642692578897600e-29
4.920000000000000000e+02 7.663410797415084744e+03 4.508489046593129387e+03 3.154921750821092246e+03 1.579832829901047479e-29
4.930000000000000000e+02 8.614896702952242777e+03 4.250657222645258116e+03 4.364239480306442601e+03 1.572441544237346684e-29
4.940000000000000000e+02 7.323547558407892211e+03 3.746213169112929791e+03 3.577334389294971970e+03 1.287970542411744232e-29
4.950000000000000000e+02 8.384827375646327710e+03 3.902984812783820416e+03 4.481842562861635997e+03 1.341930980878717556e-29
4.960000000000000000e+02 8.757176555332682256e+03 4.660233540465964325e+03 4.096943014866437807e+03 1.451518330672541660e-29
4.970000000000000000e+02 7.838008075093497609e+03 3.890220291625717891e+03 3.947787783468688758e+03 1.100027608373102796e-29
4.980000000000000000e+02 8.030901873682178120e+03 4.021754287560088869e+03 4.009147586123096971e+03 1.369000639673173471e-29
4.990000000000000000e+02 7.453146520334806155e+03 3.788485903888057692e+03 3.664660616445904907e+03 1.094281140741365456e-29
5.000000000000000000e+02 8.293906181055379420e+03 4.204634662170412412e+03 4.089271518886056128e+03 1.650621305834470096e-29
5.010000000000000000e+02 7.908828784316780911e+03 4.013318335098477291e+03 3.895510449218789745e+03 1.240009523586250244e-29
5.020000000000000000e+02 7.338755973057146548e+03 3.851524946603229182e+03 3.487231026454274343e+03 1.194460210104679302e-29
5.030000000000000000e+02 7.799076778047991866e+03 3.933894141764616506e+03 3.865182636283186184e+03 1.208469361747719479e-29
5.040000000000000000e+02 7.640055476089318290e+03 4.094777323541251462e+03 3.545278152548517028e+03 1.571275058271032921e-29
5.050000000000000000e+02 7.396533888779710651e+03 3.628597884005067499e+03 3.767936004775516722e+03 1.571828452907275027e-29
5.060000000000000000e+02 7.664646343672773583e+03 3.995802272097366313e+03 3.668844071577075738e+03 1.351384126546734414e-29
5.070000000000000000e+02 7.458999285158098246e+03 3.734913232186255755e+03 3.724086052972470497e+03 1.405766618612802609e-29
5.080000000000000000e+02 8.138838327097909314e+03 4.383337557467639272e+03 3.755500769629709339e+03 1.311392656435987284e-29
5.090000000000000000e+02 7.486940836982802466e+03 3.632845964815659954e+03 3.854094872168011079e+03 1.405170305421883939e-29
5.100000000000000000e+02 7.881680318442497082e+03 3.718086812422782714e+03 4.163593506019505185e+03 1.414873820996474833e-29
5.110000000000000000e+02 7.980632822986495739e+03 4.127059781916371321e+03 3.853573041070210820e+03 1.416463059762516895e-29
5.120000000000000000e+02 8.037751315790801527e+03 4.086113940298129819e+03 3.951637375491948205e+03 1.140726732560076819e-29
5.130000000000000000e+02 7.939213029442377774e+03 4.266704215314543944e+03 3.672508814128043468e+03 1.908758758270959806e-29
5.140000000000000000e+02 7.313623664013974121e+03 3.547696134960653580e+03 3.765927529052759837e+03 1.326855902154014739e-29
5.150000000000000000e+02 8.298401650429443180e+03 4.266201828103047774e+03 4.032199822326628691e+03 1.086229919009763342e-29
5.160000000000000000e+02 7.438160069697749350e+03 3.822681462377073785e+03 3.615478607320580068e+03 1.815733077103788718e-29
5.170000000000000000e+02 7.989937685995590073e+03 4.011879589290162130e+03 3.978058096706264678e+03 1.461283602574036183e-29
5.180000000000000000e+02 7.016101966963224186e+03 3.556817455728926689e+03 3.459284511234708134e+03 1.603171372230168531e-29
5.190000000000000000e+02 7.364137342186063506e+03 3.577139983017922987e+03 3.786997359168428829e+03 1.078281197262017036e-29
5.200000000000000000e+02 7.711322174366785475e+03 4.296952752105383297e+03 3.414369422260812371e+03 1.843676101094992164e-29
5.210000000000000000e+02 7.258263033866275691e+03 3.975954087802897448e+03 3.282308946063099938e+03 1.477120200604367976e-29
5.220000000000000000e+02 7.198575489987295441e+03 3.482687511907907719e+03 3.715887978079451386e+03 1.670816964145038852e-29
5.230000000000000000e+02 7.000955126299438234e+03 3.451706407148893504e+03 3.549248719149863973e+03 1.167591539676388852e-29
5.240000000000000000e+02 8.520808047202606758e+03 4.769127697698491829e+03 3.751680349504179958e+03 1.502135491829909371e-29
5.250000000000000000e+02 7.199470275918170046e+03 3.609046977658552805e+03 3.590423298260064712e+03 1.397020024590209048e-29
5.260000000000000000e+02 6.788340166451998812e+03 3.263784595560930939e+03 3.524555570891236584e+03 1.479495725970778850e-29
5.270000000000000000e+02 6.861508606019165200e+03 3.117801065090338852e+03 3.743707540928646267e+03 1.383025633112010237e-29
5.280000000000000000e+02 6.869762424547622686e+03 3.483517631376930240e+03 3.386244793170739285e+03 1.466104911544840915e-29
5.290000000000000000e+02 6.890658817593867752e+03 3.265336529247511862e+03 3.625322288346651931e+03 1.386399500630249380e-29
5.300000000000000000e+02 7.037610102068005290e+03 3.494377401525322512e+03 3.543232700543341252e+03 1.300478773555326064e-29
5.310000000000000000e+02 7.239626725968563733e+03 3.720726815825977155e+03 3.518899910143197303e+03 1.335697025424325497e-29
5.320000000000000000e+02 6.824980108529034624e+03 3.170818254991124377e+03 3.654161853537947081e+03 1.811755851267795958e-29
5.330000000000000000e+02 6.652347598751151054e+03 3.506479439295899283e+03 3.145868159454631950e+03 1.142954086290438975e-29
5.340000000000000000e+02 6.588549984820768259e+03 2.912099095470320663e+03 3.676450889351128808e+03 1.420171549312224540e-29
5.350000000000000000e+02 6.547497835637552271e+03 3.127171582267807025e+03 3.420326253369541064e+03 1.623061074288729974e-29
5.360000000000000000e+02 7.274025911959914993e+03 3.754693998309761810e+03 3.519331913650078150e+03 1.802907355815788797e-29
5.370000000000000000e+02 6.849611156960704648e+03 3.166425500391352216e+03 3.683185656568782179e+03 1.388427724169887205e-29
5.380000000000000000e+02 6.671178441985294739e+03 3.163926257997602988e+03 3.507252183987664466e+03 1.345548305547630256e-29
5.390000000000000000e+02 7.094752953882823931e+03 3.588488852815121390e+03 3.506264101067269621e+03 1.705512975978928724e-29
5.400000000000000000e+02 7.408361975972637083e+03 3.352070237887754047e+03 4.056291738085150882e+03 1.473172684086237490e-29
5.410000000000000000e+02 6.589070860529021047e+03 3.440197740487023111e+03 3.148873120041833772e+03 9.717820387665556425e-30
5.420000000000000000e+02 6.793974618723375897e+03 3.118161429589827549e+03 3.675813189133757533e+03 1.481715840893015549e-29
5.430000000000000000e+02 7.166214631965046465e+03 3.633943916471470402e+03 3.532270715493664284e+03 1.721154163825819108e-29
5.440000000000000000e+02 6.961586899573824667e+03 3.497425349557302525e+03 3.464161550015963712e+03 1.241264057735849941e-29
5.450000000000000000e+02 6.736654074195980684e+03 3.205198933540237704e+03 3.531455140655728428e+03 1.996369607022383855e-29
5.460000000000000000e+02 5.418871786504172633e+03 2.439865323878100298e+03 2.979006462625814947e+03 1.096044812946886821e-29
5.470000000000000000e+02 6.482822040423208819e+03 2.807820714754443543e+03 3.675001325668369645e+03 1.589811017115047192e-29
5.480000000000000000e+02 6.406255953670594863e+03 3.205664965237472643e+03 3.200590988433875282e+03 1.054512399156808272e-29
5.490000000000000000e+02 6.884294099146233748e+03 3.335861440276883513e+03 3.548432658868307954e+03 1.070318045444866903e-29
5.500000000000000000e+02 6.817004505615349444e+03 3.361860624384129551e+03 3.455143881231701016e+03 1.484518244937576313e-29
5.510000000000000000e+02 7.054519511185416377e+03 3.806024079955234811e+03 3.248495431231165185e+03 1.389135325795995185e-29
5.520000000000000000e+02 8.187309311823662938e+03 4.434358135825731551e+03 3.752951175997173323e+03 1.536690658887399094e-29
5.530000000000000000e+02 7.443126829404743148e+03 4.050612599425638109e+03 3.392514229979844913e+03 1.137037331425893145e-29
5.540000000000000000e+02 6.690728561899672059e+03 3.374615739319988279e+03 3.316112822579353178e+03 1.046300051728035683e-29
5.550000000000000000e+02 5.922903996181401453e+03 2.802932753325287649e+03 3.119971242856049230e+03 1.156466677140673717e-29
5.560000000000000000e+02 5.950462210558865081e+03 3.085533372551394677e+03 2.864928838007954710e+03 1.055003973159106374e-29
5.570000000000000000e+02 6.280213973227459064e+03 3.219477537530442532e+03 3.060736435697475827e+03 1.634465948730969826e-29
5.580000000000000000e+02 5.831359198361454219e+03 2.906836078988455938e+03 2.924523119372967813e+03 1.215009679797597536e-29
5.590000000000000000e+02 6.025667227390824337e+03 2.908442604977324663e+03 3.117224622413203178e+03 1.089213218488293597e-29
5.600000000000000000e+02 6.591030661179190247e+03 3.266813468808093603e+03 3.324217192371885176e+03 1.166822519618969342e-29
5.610000000000000000e+02 6.099483872199259167e+03 2.875450645122178230e+03 3.224033227077756237e+03 1.305355402310787310e-29
5.620000000000000000e+02 6.105528016428328556e+03 3.310634872840656499e+03 2.794893143587016311e+03 1.444315382364031375e-29
5.630000000000000000e+02 6.050702149145905423e+03 3.050311693421962900e+03 3.000390455723863852e+03 9.089772147579305762e-30
5.640000000000000000e+02 5.928591597318684762e+03 3.294200285000144959e+03 2.634391312318703513e+03 1.475209277399816761e-29
5.650000000000000000e+02 6.160620502119855701e+03 3.183877065873843549e+03 2.976743436246315923e+03 1.428411286356974496e-29
5.660000000000000000e+02 5.722981917474330658e+03 3.014787251896994803e+03 2.708194665577028445e+03 1.067621443088767729e-29
5.670000000000000000e+02 6.240898774160958055e+03 3.006494382363942805e+03 3.234404391797660082e+03 1.411222645807973063e-29
5.680000000000000000e+02 6.636700726326770564e+03 3.473561711680012195e+03 3.163139014647175827e+03 1.285917178770492250e-29
5.690000000000000000e+02 5.599630676293651049e+03 2.638777071228149453e+03 2.960853605066283308e+03 1.344456217861510648e-29
5.700000000000000000e+02 5.701997026164460294e+03 2.766651780829925883e+03 2.935345245334219726e+03 1.359169389346301174e-29
5.710000000000000000e+02 6.027269959518107498e+03 3.378403666939232153e+03 2.648866292577959484e+03 1.213786275166747851e-29
5.720000000000000000e+02 6.375852848227895265e+03 3.900234856273985315e+03 2.475617991953366072e+03 1.315910480510928438e-29
5.730000000000000000e+02 6.370991177827269894e+03 3.035780467990716261e+03 3.335210709836386286e+03 1.148551353476122365e-29
5.740000000000000000e+02 5.230659737412835966e+03 2.924546720835782708e+03 2.306113016577129656e+03 1.207812150063139481e-29
5.750000000000000000e+02 5.925833790822886840e+03 2.840801981316288220e+03 3.085031809506856007e+03 1.314895740143552294e-29
5.760000000000000000e+02 5.659642787861736906e+03 2.850635912519979684e+03 2.809006875341544855e+03 1.479012474554450447e-29
5.770000000000000000e+02 6.208607487639162173e+03 3.149490085374609862e+03 3.059117402263534586e+03 1.200735369670442600e-29
5.780000000000000000e+02 5.434906558569357003e+03 2.670531226959909418e+03 2.764375331609491695e+03 1.256957035916078371e-29
5.790000000000000000e+02 6.060967082430579467e+03 3.011981299126633985e+03 3.048985783303860899e+03 9.451792814022422304e-30
5.800000000000000000e+02 4.765948802400707791e+03 2.205974244123140124e+03 2.559974558277336655e+03 1.058350378383585498e-29
5.810000000000000000e+02 5.910102368099185696e+03 3.190543974039946988e+03 2.719558394059060447e+03 1.186304448409966427e-29
5.820000000000000000e+02 5.326083202503612483e+03 2.889404285626328146e+03 2.436678916876857784e+03 1.290824094627901473e-29
5.830000000000000000e+02 5.811886482918122965e+03 3.042433277568680751e+03 2.769453205349580003e+03 1.194856088899169674e-29
5.840000000000000000e+02 5.559386439533894190e+03 2.884147829891793208e+03 2.675238609641666699e+03 1.085968570167472205e-29
5.850000000000000000e+02 5.786021691685213227e+03 3.021336321240901270e+03 2.764685370445166882e+03 1.292498066764152538e-29
5.860000000000000000e+02 5.401877413487278318e+03 2.780973309711489946e+03 2.620904103776071679e+03 1.480997710957479013e-29
5.870000000000000000e+02 5.943271952799027531e+03 3.228645242674035217e+03 2.714626710124565761e+03 1.319574145113773562e-29
5.880000000000000000e+02 5.245164050292466527e+03 2.308616210746037723e+03 2.936547839545981333e+03 1.327835068819221683e-29
5.890000000000000000e+02 5.371883010996246412e+03 2.869550047171606366e+03 2.502332963823933824e+03 1.044349630596717657e-29
5.900000000000000000e+02 5.505051069449746137e+03 2.900727313918443087e+03 2.604323755531028837e+03 9.850867085227954283e-30
5.910000000000000000e+02 5.285632596426561577e+03 2.505872337068384695e+03 2.779760259358659823e+03 1.180715680191076392e-29
5.920000000000000000e+02 6.223322300852005355e+03 3.466300076715720024e+03 2.757022224135724173e+03 1.623402036432860241e-29
5.930000000000000000e+02 5.641329544587389137e+03 2.815914725845665089e+03 2.825414818741449835e+03 1.417982119535013346e-29
5.940000000000000000e+02 5.025432736578016375e+03 2.750487230118612842e+03 2.274945506459708668e+03 1.023296259569217993e-29
5.950000000000000000e+02 5.482385081802919558e+03 2.575302996850350155e+03 2.907082084952906371e+03 1.214762774962087951e-29
5.960000000000000000e+02 5.171354600550623218e+03 2.587818142102812999e+03 2.583536458447588757e+03 1.099762189269330705e-29
5.970000000000000000e+02 5.263929207837267313e+03 2.560264679860956676e+03 2.703664527976181489e+03 1.101599430263853036e-29
5.980000000000000000e+02 4.862336825694540494e+03 2.216223231200511236e+03 2.646113594493570417e+03 1.268902273345825878e-29
5.990000000000000000e+02 5.348341709870382147e+03 2.667524000742967473e+03 2.680817709126837144e+03 1.399805663368434692e-29
6.000000000000000000e+02 4.831026091366771652e+03 2.587794099660098709e+03 2.243231991706622921e+03 9.424003151692032903e-30
6.010000000000000000e+02 5.529834164385704753e+03 2.558567154287307858e+03 2.971267010098996252e+03 1.388831629075495460e-29
6.020000000000000000e+02 4.112419018849435815e+03 1.852201767985616698e+03 2.260217250863585377e+03 7.897312566273857502e-30
6.030000000000000000e+02 5.627453728782465078e+03 2.678940842567981235e+03 2.948512886214453829e+03 1.086382193532855792e-29
6.040000000000000000e+02 4.536324174125530590e+03 2.249084854941790127e+03 2.287239319183970110e+03 1.154105851855919463e-29
6.050000000000000000e+02 6.127727492708663704e+03 3.198001326151279500e+03 2.929726166557143642e+03 1.103200950931631276e-29
6.060000000000000000e+02 4.710464279505213199e+03 2.097007429481765030e+03 2.613456850023485458e+03 1.087184212659181209e-29
6.070000000000000000e+02 5.737593568072316884e+03 3.168756535527377309e+03 2.568837032544770864e+03 1.543465885154663265e-29
6.080000000000000000e+02 4.460108816969186591e+03 2.089193530153649135e+03 2.370915286815305535e+03 1.383549073150481480e-29
6.090000000000000000e+02 5.555120046778359210e+03 2.958993509274121152e+03 2.596126537504624594e+03 1.227236549654595084e-29
6.100000000000000000e+02 4.648513738355813075e+03 2.481981977369549440e+03 2.166531760986097197e+03 1.489591239543274697e-29
6.110000000000000000e+02 5.308042582380555359e+03 2.667822642219813588e+03 2.640219940160106034e+03 1.698258441190080462e-29
6.120000000000000000e+02 5.486600412932644758e+03 3.002550402364891852e+03 2.484050010566553738e+03 1.422489175527540675e-29
6.130000000000000000e+02 5.000945801824977934e+03 2.343847267437022765e+03 2.657098534387926975e+03 1.324014846399648924e-29
6.140000000000000000e+02 5.812646956740661153e+03 2.899800823652101826e+03 2.912846133088175975e+03 1.824426519566254006e-29
6.150000000000000000e+02 5.132371091794834683e+03 2.523546669473438214e+03 2.608824422321097245e+03 1.141842092707518277e-29
6.160000000000000000e+02 5.362514857829807625e+03 2.476713347173280454e+03 2.885801510656219307e+03 1.138152793028912875e-29
6.170000000000000000e+02 5.056943220254880544e+03 2.495498410454227724e+03 2.561444809800317216e+03 9.901038612648804310e-30
6.180000000000000000e+02 4.856502024850814450e+03 2.311686712380737390e+03 2.544815312470228491e+03 1.148488249129124654e-29
6.190000000000000000e+02 5.190414903814618810e+03 2.623200567764291918e+03 2.567214336050868496e+03 1.250727102172633006e-29
6.200000000000000000e+02 4.738406953025176335e+03 2.159617219121789731e+03 2.578789733903571232e+03 1.159369573793993281e-29
6.210000000000000000e+02 5.056295244004875713e+03 2.382045664418469187e+03 2.674249579586538857e+03 1.564611774650245122e-29
6.220000000000000000e+02 4.763285896146287087e+03 2.149546336367091953e+03 2.613739559779271531e+03 1.093572111952510736e-29
6.230000000000000000e+02 4.615275060639579351e+03 2.292521134684646313e+03 2.322753925955221348e+03 1.135893710169707538e-29
6.240000000000000000e+02 5.348747501116790772e+03 2.662547719629710627e+03 2.686199781487099699e+03 1.547747944173386020e-29
6.250000000000000000e+02 4.688558912601936754e+03 2.056713802749494334e+03 2.631845109852362839e+03 1.526685254761643334e-29
6.260000000000000000e+02 4.829780204449981284e+03 2.340415395028181592e+03 2.489364809422074359e+03 1.328096264995735105e-29
6.270000000000000000e+02 5.341843417704920284e+03 2.342056928721579879e+03 2.999786488983740583e+03 1.081082280923165565e-29
6.280000000000000000e+02 4.549150358218618749e+03 2.272757734782190710e+03 2.276392623436585382e+03 9.549692739908531622e-30
6.290000000000000000e+02 6.063767977369831897e+03 3.185316344079181363e+03 2.878451633290887003e+03 1.037509235978812781e-29
6.300000000000000000e+02 4.987068257945722507e+03 2.372112176349050060e+03 2.614956081596981676e+03 1.088134780975822870e-29
6.310000000000000000e+02 5.084856293987440949e+03 2.441801185837058711e+03 2.643055108150215347e+03 1.096420639254414304e-29
6.320000000000000000e+02 5.115049352380867276e+03 2.395360591567724896e+03 2.719688760812638520e+03 1.050124549219089715e-29
6.330000000000000000e+02 4.465835936986144588e+03 1.862286060357054566e+03 2.603549876629406299e+03 1.171782273259670421e-29
6.340000000000000000e+02 4.511346855910858721e+03 2.100138507665196812e+03 2.411208348245651905e+03 1.089566065943289309e-29
6.350000000000000000e+02 4.690751635972711483e+03 2.114879967804826265e+03 2.575871668167775169e+03 1.048169336152373964e-29
6.360000000000000000e+02 4.979437874627747078e+03 1.963707526201300880e+03 3.015730348426583987e+03 1.108729083154134082e-29
6.370000000000000000e+02 4.902951095947551039e+03 2.188795933739194425e+03 2.714155162208314323e+03 9.828124731391122988e-30
6.380000000000000000e+02 5.244984107769271759e+03 2.267772309117699933e+03 2.977211798650991113e+03 1.149052373641836320e-29
6.390000000000000000e+02 4.423157567650211604e+03 1.989399595750906883e+03 2.433757971899598033e+03 1.010301595776291089e-29
6.400000000000000000e+02 4.905675870201869657e+03 2.276482767593829067e+03 2.629193102608488971e+03 1.250597606979084232e-29
6.410000000000000000e+02 4.518550570207102282e+03 2.179993905999734125e+03 2.338556664207671020e+03 8.979137209411883473e-30
6.420000000000000000e+02 4.617357771147440872e+03 2.275629495022145420e+03 2.341728276125415505e+03 1.052202534092125352e-29
6.430000000000000000e+02 5.075574314250995485e+03 2.468680690974701974e+03 2.606893623276586823e+03 1.422891179042306213e-29
6.440000000000000000e+02 5.621625836650923702e+03 2.479280898537468602e+03 3.142344938114428260e+03 1.108917712199068656e-29
6.450000000000000000e+02 4.817347196754063589e+03 2.399989360970304915e+03 2.417357835784089275e+03 1.233510661703956821e-29
6.460000000000000000e+02 5.138400308885906270e+03 2.240170395397172342e+03 2.898229913488919465e+03 1.316244347523305084e-29
6.470000000000000000e+02 4.597087055680067351e+03 2.356157630644998335e+03 2.240929425035147688e+03 1.348382742243683011e-29
6.480000000000000000e+02 5.148302782236820349e+03 2.213415123679443695e+03 2.934887658557417126e+03 1.105990678733659744e-29
6.490000000000000000e+02 5.085124585843989735e+03 2.473000000661134436e+03 2.612124585182898500e+03 1.098107161340536537e-29
6.500000000000000000e+02 4.497856986336239970e+03 2.165669996245972470e+03 2.332186990090031941e+03 1.479076982420698838e-29
6.510000000000000000e+02 5.104468074462770346e+03 2.175510187313701408e+03 2.928957887149275848e+03 1.304305289410216817e-29
6.520000000000000000e+02 4.848290277429974594e+03 2.429297030258431278e+03 2.418993247171679286e+03 1.444832236085518369e-29
6.530000000000000000e+02 5.664450583058259326e+03 2.441777772306967108e+03 3.222672810751479119e+03 1.400234420718831665e-29
6.540000000000000000e+02 5.636101118418826445e+03 3.262539016932208597e+03 2.373562101486432766e+03 1.416380211995730867e-29
6.550000000000000000e+02 5.189463596111372681e+03 2.308320112948999395e+03 2.881143483162142275e+03 1.120578226986279357e-29
6.560000000000000000e+02 6.603665146030480173e+03 3.471826337169266480e+03 3.131838808862153201e+03 1.645016851216294487e-29
6.570000000000000000e+02 5.930687245474218798e+03 2.745069613126827335e+03 3.185617632347066774e+03 1.134251166306372406e-29
6.580000000000000000e+02 4.998188721530769726e+03 2.398761570688367556e+03 2.599427150842656829e+03 1.233656860595579614e-29
6.590000000000000000e+02 4.959402365210850803e+03 2.396521889558599014e+03 2.562880475652551922e+03 1.290135406122364192e-29
6.600000000000000000e+02 5.979088183847106848e+03 2.986006279025969434e+03 2.993081904821390253e+03 1.170823034203178175e-29
6.610000000000000000e+02 5.511540010392978729e+03 2.523858812558165937e+03 2.987681197834836894e+03 1.193678868418201518e-29
6.620000000000000000e+02 4.612249736314059191e+03 2.135609588512276332e+03 2.476640147802064803e+03 1.270936938037491470e-29
6.630000000000000000e+02 5.751484361145283401e+03 3.138607706597634660e+03 2.612876654547470025e+03 1.609788296880463861e-29
6.640000000000000000e+02 5.779861615122644253e+03 3.214126897124056541e+03 2.565734717998731867e+03 1.053183674292891257e-29
6.650000000000000000e+02 5.629534704356427937e+03 2.714825302503361854e+03 2.914709401853388954e+03 2.129212737395331678e-29
6.660000000000000000e+02 4.989226734915541783e+03 2.533639664163625184e+03 2.455587070752076670e+03 8.544883155380247274e-30
6.670000000000000000e+02 4.905109801910547503e+03 2.380061098429180674e+03 2.525048703481007124e+03 1.218315992029579535e-29
6.680000000000000000e+02 5.520102875953620241e+03 2.621012224117583173e+03 2.899090651836195320e+03 1.234410057027202832e-29
6.690000000000000000e+02 5.622526603283376062e+03 2.782985036076996948e+03 2.839541567206385480e+03 1.450776875121535197e-29
6.700000000000000000e+02 4.841691516225944724e+03 2.632438113789070485e+03 2.209253402437242130e+03 1.172566005499696714e-29
6.710000000000000000e+02 5.283680784285129448e+03 2.627591939759611705e+03 2.656088844525418608e+03 1.549597776751364708e-29
6.720000000000000000e+02 7.344885144883022804e+03 4.503221592510341907e+03 2.841663552373050152e+03 1.261868045423454491e-29
6.730000000000000000e+02 4.721403910581405398e+03 2.409257896717141193e+03 2.312146013863776716e+03 1.148020465113207000e-29
6.740000000000000000e+02 4.805299471914750939e+03 2.648923953984308810e+03 2.156375517930404840e+03 1.369793168981138964e-29
6.750000000000000000e+02 4.742180226857218258e+03 2.279998151294047602e+03 2.462182075563173839e+03 1.652719715549946593e-29
6.760000000000000000e+02 4.998217151102729986e+03 2.580796888496814972e+03 2.417420262606046435e+03 1.218444192959439645e-29
6.770000000000000000e+02 5.232009704437288747e+03 2.544789798080960736e+03 2.687219906356240244e+03 1.234003295712160928e-29
6.780000000000000000e+02 4.657744482623544172e+03 2.407828913729500073e+03 2.249915568894086391e+03 1.642533975113560114e-29
6.790000000000000000e+02 5.772742805156127361e+03 2.956118469190567339e+03 2.816624335965017508e+03 1.366110495031875376e-29
6.800000000000000000e+02 6.177306603223541970e+03 3.509808167751953533e+03 2.667498435471833091e+03 2.264265142062353428e-29
6.810000000000000000e+02 6.064319793355280126e+03 3.444783756129164885e+03 2.619536037226457211e+03 2.055340555425851357e-29
